1.90375 14.9355
1.90963 15.2595
1.91452 15.3125
1.91983 15.8296
1.9246 15.7473 
1.93668 16.6817 
1.94163  17.3246 
1.95219 18.8021
1.95632 19.218
1.96094  19.1437
1.96587 20.3318 
1.97476 20.1094 
1.97883  21.407
1.9896 22.3055
1.99583 22.8991
2.00314   23.3211
2.00551 23.9492 
2.01395 26.0618 
2.01824   27.6202 
2.01996 25.1984
2.02841 27.6959
2.03588  28.6265 
2.04097 29.6649 
2.0491 30.6639 
2.05079   30.6066 
2.05603 28.9249 
2.06044 32.3547 
2.06568   32.6503 
2.06839 33.2674
2.07324 32.5771
2.07588  34.1589
2.08073 35.9082 
2.08594 35.802 
2.09111   37.4805 
2.09604 37.3654
2.10068 39.5522
2.10781  35.6808
2.11244 38.7867 
2.11761 41.2655
2.1218   45.6699 
2.12695 43.4612 
2.13158 45.5085 
2.13267   43.1734 
2.13759 43.2068 
2.1422 47.7511
2.14619  45.5718 
2.14762 42.2909
2.15316 46.1875
2.15489  53.4444
2.15848 46.6372 
2.16209 50.2948 
2.16404   53.906 
2.16699 55.9225 
2.16982 54.0932 
2.17136   57.9192 
2.17435 68.0304