-0.000980	1.148328	0.001000
-0.000472	1.152623	0.101000
-0.000467	1.152539	0.201000
-0.000472	1.152394	0.301000
-0.000469	1.152333	0.401000
-0.000476	1.152259	0.501000
-0.000475	1.152157	0.601000
-0.000474	1.152112	0.701000
-0.000478	1.152019	0.801000
-0.000470	1.152014	0.901000
-0.000484	1.151906	1.001000
-0.000482	1.151795	1.101000
-0.000471	1.151864	1.201000
-0.000492	1.151652	1.301000
-0.000477	1.151576	1.401000
-0.000475	1.151471	1.501000
-0.000483	1.151319	1.601000
-0.000477	1.151258	1.701000
-0.000480	1.151135	1.801000
-0.000476	1.151090	1.901000
-0.000486	1.150991	2.001000
-0.000485	1.151015	2.101000
-0.000490	1.150867	2.201000
-0.000485	1.150885	2.301000
-0.000488	1.150804	2.401000
-0.000491	1.150752	2.501000
-0.000497	1.150621	2.601000
-0.000481	1.150614	2.701000
-0.000486	1.150485	2.801000
-0.000482	1.150386	2.901000
-0.000489	1.150348	3.001000
0.024304	1.150213	3.101000
0.041338	1.149945	3.201000
0.041335	1.149749	3.301000
0.041334	1.149613	3.401000
0.041348	1.149549	3.501000
0.041334	1.149432	3.601000
0.041339	1.149449	3.701000
0.041335	1.149287	3.801000
0.041340	1.149356	3.901000
0.041336	1.149337	4.001000
0.041325	1.149189	4.101000
0.041335	1.149073	4.201000
0.041335	1.148941	4.301000
0.003015	1.148968	4.401000
-0.000477	1.148929	4.501000
-0.000487	1.148875	4.601000
-0.000481	1.148970	4.701000
-0.000486	1.148800	4.801000
-0.000484	1.148823	4.901000
-0.000484	1.148859	5.001000
-0.000488	1.148729	5.101000
-0.000481	1.148503	5.201000
-0.000485	1.148321	5.301000
-0.000494	1.148200	5.401000
-0.000485	1.148186	5.501000
-0.000487	1.148161	5.601000
-0.000486	1.148008	5.701000
-0.000499	1.147924	5.801000
-0.000494	1.147833	5.901000
-0.000491	1.147849	6.001000
-0.000494	1.147705	6.101000
-0.000497	1.147540	6.201000
-0.000498	1.147470	6.301000
-0.000495	1.147448	6.401000
-0.000494	1.147370	6.501000
-0.000500	1.147362	6.601000
-0.000498	1.147365	6.701000
-0.000502	1.147267	6.801000
-0.000499	1.147085	6.901000
-0.000488	1.147094	7.001000
-0.000497	1.147009	7.101000
-0.000489	1.146906	7.201000
-0.000499	1.146759	7.301000
-0.000495	1.146721	7.401000
-0.000490	1.146632	7.501000
-0.000498	1.146436	7.601000
-0.000503	1.146437	7.701000
-0.000504	1.146204	7.801000
-0.000499	1.146202	7.901000
-0.000496	1.146098	8.001000
-0.000507	1.145977	8.101000
-0.000504	1.145869	8.201000
-0.000500	1.145761	8.301000
-0.000496	1.145540	8.401000
0.015939	1.145422	8.501000
0.041307	1.145236	8.601000
0.041329	1.145127	8.701000
0.041320	1.144937	8.801000
0.041325	1.144905	8.901000
0.041315	1.144829	9.001000
0.041311	1.144704	9.101000
0.041316	1.144690	9.201000
0.041311	1.144484	9.301000
0.041319	1.144462	9.401000
0.041319	1.144334	9.501000
0.041309	1.144243	9.601000
0.041319	1.144337	9.701000
0.011317	1.144314	9.801000
-0.000500	1.144358	9.901000
-0.000504	1.144145	10.001000
-0.000506	1.144045	10.101000
-0.000502	1.144071	10.201000
-0.000505	1.143958	10.301000
-0.000495	1.143873	10.401000
-0.000508	1.143814	10.501000
-0.000503	1.143629	10.601000
-0.000505	1.143668	10.701000
-0.000496	1.143628	10.801000
-0.000497	1.143476	10.901000
-0.000501	1.143324	11.001000
-0.000507	1.143263	11.101000
-0.000498	1.143189	11.201000
-0.000504	1.143106	11.301000
-0.000506	1.143047	11.401000
-0.000502	1.143032	11.501000
-0.000507	1.142856	11.601000
-0.000499	1.142813	11.701000
-0.000505	1.142592	11.801000
-0.000498	1.142622	11.901000
-0.000501	1.142633	12.001000
-0.000501	1.142588	12.101000
-0.000493	1.142554	12.201000
-0.000504	1.142461	12.301000
-0.000497	1.142372	12.401000
-0.000497	1.142223	12.501000
-0.000497	1.142008	12.601000
-0.000497	1.142006	12.701000
-0.000499	1.141981	12.801000
-0.000494	1.141859	12.901000
-0.000498	1.141845	13.001000
-0.000501	1.141589	13.101000
-0.000501	1.141615	13.201000
-0.000505	1.141521	13.301000
-0.000500	1.141476	13.401000
-0.000507	1.141377	13.501000
-0.000500	1.141273	13.601000
-0.000498	1.141172	13.701000
0.024410	1.140880	13.801000
0.041329	1.140825	13.901000
0.041328	1.140622	14.001000
0.041318	1.140604	14.101000
0.041317	1.140587	14.201000
0.041314	1.140352	14.301000
0.041315	1.140468	14.401000
0.041321	1.140343	14.501000
0.041312	1.140297	14.601000
0.041318	1.140253	14.701000
0.041306	1.140125	14.801000
0.041314	1.140047	14.901000
0.041320	1.139896	15.001000
0.003063	1.139797	15.101000
-0.000495	1.139754	15.201000
-0.000503	1.139675	15.301000
-0.000498	1.139693	15.401000
-0.000496	1.139551	15.501000
-0.000510	1.139643	15.601000
-0.000500	1.139686	15.701000
-0.000507	1.139520	15.801000
-0.000499	1.139480	15.901000
-0.000501	1.139442	16.001000
-0.000503	1.139277	16.101000
-0.000497	1.139284	16.201000
-0.000509	1.139282	16.301000
-0.000502	1.139116	16.401000
-0.000497	1.139018	16.501000
-0.000501	1.138878	16.601000
-0.000502	1.138880	16.701000
-0.000511	1.138706	16.801000
-0.000500	1.138607	16.901000
-0.000502	1.138485	17.001000
-0.000511	1.138314	17.101000
-0.000503	1.138275	17.201000
-0.000507	1.138193	17.301000
-0.000503	1.138193	17.401000
-0.000501	1.138162	17.501000
-0.000512	1.137982	17.601000
-0.000514	1.137958	17.701000
-0.000506	1.137835	17.801000
-0.000511	1.137768	17.901000
-0.000508	1.137550	18.001000
-0.000518	1.137541	18.101000
-0.000518	1.137507	18.201000
-0.000519	1.137444	18.301000
-0.000518	1.137353	18.401000
-0.000517	1.137264	18.501000
-0.000518	1.137159	18.601000
-0.000523	1.137043	18.701000
-0.000515	1.136857	18.801000
-0.000503	1.136777	18.901000
-0.000511	1.136668	19.001000
-0.000510	1.136553	19.101000
-0.000505	1.136499	19.201000
-0.000514	1.136428	19.301000
-0.000514	1.136492	19.401000
-0.000516	1.136401	19.501000
-0.000517	1.136227	19.601000
-0.000514	1.136214	19.701000
-0.000506	1.136054	19.801000
-0.000502	1.135929	19.901000
-0.000509	1.135898	20.001000
0.004694	1.135672	20.101000
0.041309	1.135411	20.201000
0.041313	1.135222	20.301000
0.041311	1.135291	20.401000
0.041312	1.135172	20.501000
0.041309	1.134962	20.601000
0.041307	1.135107	20.701000
0.041310	1.134988	20.801000
0.041311	1.134925	20.901000
0.041318	1.134916	21.001000
0.041307	1.134776	21.101000
0.041310	1.134667	21.201000
0.041297	1.134562	21.301000
0.022700	1.134592	21.401000
-0.000509	1.134467	21.501000
-0.000513	1.134385	21.601000
-0.000506	1.134282	21.701000
-0.000511	1.134206	21.801000
-0.000512	1.134195	21.901000
-0.000507	1.134126	22.001000
-0.000513	1.134150	22.101000
-0.000509	1.134124	22.201000
-0.000528	1.134058	22.301000
-0.000513	1.133965	22.401000
-0.000506	1.133814	22.501000
-0.000518	1.133805	22.601000
-0.000513	1.133706	22.701000
-0.000514	1.133593	22.801000
-0.000514	1.133545	22.901000
-0.000515	1.133443	23.001000
-0.000508	1.133353	23.101000
-0.000521	1.133294	23.201000
-0.000510	1.133230	23.301000
-0.000513	1.133246	23.401000
-0.000511	1.133141	23.501000
-0.000511	1.133001	23.601000
-0.000516	1.132976	23.701000
-0.000519	1.132817	23.801000
-0.000511	1.132842	23.901000
-0.000518	1.132790	24.001000
-0.000513	1.132774	24.101000
-0.000507	1.132616	24.201000
-0.000518	1.132362	24.301000
-0.000519	1.132380	24.401000
-0.000516	1.132245	24.501000
0.003202	1.132214	24.601000
0.041290	1.131813	24.701000
0.041303	1.131763	24.801000
0.041310	1.131684	24.901000
0.041307	1.131612	25.001000
0.041295	1.131595	25.101000
0.041306	1.131504	25.201000
0.041301	1.131459	25.301000
0.041302	1.131332	25.401000
0.041299	1.131210	25.501000
0.041296	1.131109	25.601000
0.041300	1.131127	25.701000
0.041291	1.130984	25.801000
0.023975	1.130922	25.901000
-0.000519	1.130877	26.001000
-0.000519	1.130867	26.101000
-0.000511	1.130703	26.201000
-0.000512	1.130610	26.301000
-0.000517	1.130538	26.401000
-0.000507	1.130511	26.501000
-0.000513	1.130370	26.601000
-0.000509	1.130238	26.701000
-0.000510	1.130192	26.801000
-0.000509	1.130184	26.901000
-0.000517	1.130040	27.001000
-0.000512	1.130004	27.101000
-0.000502	1.130143	27.201000
-0.000515	1.130027	27.301000
-0.000512	1.129959	27.401000
-0.000510	1.129895	27.501000
-0.000516	1.129854	27.601000
-0.000511	1.129880	27.701000
-0.000518	1.129680	27.801000
-0.000499	1.129572	27.901000
-0.000510	1.129569	28.001000
-0.000511	1.129435	28.101000
-0.000507	1.129402	28.201000
-0.000515	1.129272	28.301000
-0.000512	1.129174	28.401000
-0.000519	1.129065	28.501000
-0.000521	1.128927	28.601000
-0.000520	1.128923	28.701000
-0.000523	1.128813	28.801000
-0.000520	1.128763	28.901000
-0.000520	1.128652	29.001000
-0.000519	1.128542	29.101000
-0.000521	1.128546	29.201000
-0.000518	1.128466	29.301000
-0.000518	1.128347	29.401000
-0.000516	1.128225	29.501000
-0.000515	1.128112	29.601000
-0.000511	1.128006	29.701000
-0.000522	1.127838	29.801000
-0.000523	1.127756	29.901000
-0.000519	1.127669	30.001000
-0.000520	1.127479	30.101000
-0.000521	1.127379	30.201000
-0.000523	1.127377	30.301000
-0.000520	1.127277	30.401000
-0.000522	1.127129	30.501000
0.015549	1.127056	30.601000
0.041293	1.126778	30.701000
0.041289	1.126648	30.801000
0.041289	1.126584	30.901000
0.041292	1.126437	31.001000
0.041293	1.126409	31.101000
0.041297	1.126413	31.201000
0.041292	1.126407	31.301000
0.041300	1.126348	31.401000
0.041297	1.126282	31.501000
0.041293	1.126210	31.601000
0.041292	1.126041	31.701000
0.041292	1.125999	31.801000
0.011623	1.125929	31.901000
-0.000516	1.125874	32.001000
-0.000518	1.125900	32.101000
-0.000517	1.125743	32.201000
-0.000523	1.125666	32.301000
-0.000525	1.125593	32.401000
-0.000526	1.125559	32.501000
-0.000525	1.125490	32.601000
-0.000525	1.125430	32.701000
-0.000527	1.125454	32.801000
-0.000523	1.125405	32.901000
-0.000530	1.125316	33.001000
-0.000534	1.125328	33.101000
-0.000521	1.125165	33.201000
-0.000534	1.125179	33.301000
-0.000528	1.125104	33.401000
-0.000519	1.125013	33.501000
-0.000533	1.124926	33.601000
-0.000512	1.125023	33.701000
-0.000528	1.124940	33.801000
-0.000515	1.124919	33.901000
-0.000522	1.124835	34.001000
-0.000523	1.124721	34.101000
-0.000529	1.124648	34.201000
-0.000531	1.124492	34.301000
-0.000518	1.124400	34.401000
-0.000519	1.124344	34.501000
-0.000522	1.124200	34.601000
-0.000524	1.124119	34.701000
-0.000529	1.124085	34.801000
-0.000520	1.124047	34.901000
-0.000524	1.123957	35.001000
-0.000530	1.123909	35.101000
-0.000525	1.123851	35.201000
-0.000532	1.123756	35.301000
-0.000520	1.123802	35.401000
-0.000523	1.123600	35.501000
-0.000526	1.123568	35.601000
-0.000520	1.123459	35.701000
-0.000525	1.123353	35.801000
-0.000522	1.123237	35.901000
-0.000527	1.123208	36.001000
-0.000529	1.123032	36.101000
-0.000519	1.123006	36.201000
-0.000523	1.122971	36.301000
-0.000526	1.122846	36.401000
-0.000522	1.122775	36.501000
0.000579	1.122831	36.601000
0.041284	1.122435	36.701000
0.041301	1.122365	36.801000
0.041302	1.122326	36.901000
0.041300	1.122254	37.001000
0.041298	1.122150	37.101000
0.041295	1.122124	37.201000
0.041305	1.122047	37.301000
0.041303	1.121964	37.401000
0.041298	1.121851	37.501000
0.041290	1.121856	37.601000
0.041301	1.121864	37.701000
0.041298	1.121724	37.801000
0.026806	1.121647	37.901000
-0.000509	1.121563	38.001000
-0.000517	1.121540	38.101000
-0.000520	1.121467	38.201000
-0.000520	1.121443	38.301000
-0.000512	1.121369	38.401000
-0.000520	1.121380	38.501000
-0.000517	1.121271	38.601000
-0.000518	1.121154	38.701000
-0.000517	1.121132	38.801000
-0.000515	1.121005	38.901000
-0.000519	1.121072	39.001000
-0.000522	1.120975	39.101000
-0.000519	1.120847	39.201000
-0.000524	1.120775	39.301000
-0.000523	1.120626	39.401000
-0.000523	1.120636	39.501000
-0.000535	1.120519	39.601000
-0.000526	1.120497	39.701000
-0.000538	1.120325	39.801000
-0.000526	1.120209	39.901000
-0.000527	1.120162	40.001000
-0.000530	1.120140	40.101000
-0.000519	1.120045	40.201000
-0.000537	1.119982	40.301000
-0.000519	1.119943	40.401000
-0.000529	1.119859	40.501000
-0.000529	1.119851	40.601000
-0.000526	1.119753	40.701000
-0.000521	1.119714	40.801000
-0.000521	1.119679	40.901000
-0.000515	1.119500	41.001000
-0.000519	1.119446	41.101000
-0.000518	1.119437	41.201000
-0.000515	1.119281	41.301000
-0.000512	1.119261	41.401000
-0.000515	1.119159	41.501000
-0.000530	1.119060	41.601000
-0.000524	1.118979	41.701000
-0.000526	1.118885	41.801000
-0.000515	1.118854	41.901000
-0.000514	1.118828	42.001000
-0.000526	1.118834	42.101000
-0.000519	1.118720	42.201000
-0.000522	1.118582	42.301000
-0.000520	1.118502	42.401000
-0.000513	1.118500	42.501000
-0.000525	1.118412	42.601000
-0.000513	1.118295	42.701000
-0.000526	1.118248	42.801000
-0.000512	1.118104	42.901000
-0.000519	1.117971	43.001000
-0.000520	1.117915	43.101000
-0.000518	1.117836	43.201000
-0.000516	1.117797	43.301000
-0.000518	1.117705	43.401000
-0.000519	1.117627	43.501000
-0.000527	1.117448	43.601000
0.022589	1.117321	43.701000
0.041291	1.117177	43.801000
0.041293	1.117072	43.901000
0.041290	1.117007	44.001000
0.041292	1.116927	44.101000
0.041306	1.116842	44.201000
0.041289	1.116757	44.301000
0.041292	1.116686	44.401000
0.041288	1.116594	44.501000
0.041289	1.116488	44.601000
0.041298	1.116431	44.701000
0.041285	1.116323	44.801000
0.041290	1.116160	44.901000
0.004787	1.116158	45.001000
-0.000536	1.116010	45.101000
-0.000531	1.115882	45.201000
-0.000538	1.115854	45.301000
-0.000535	1.115723	45.401000
-0.000540	1.115727	45.501000
-0.000531	1.115737	45.601000
-0.000534	1.115702	45.701000
-0.000531	1.115627	45.801000
-0.000529	1.115557	45.901000
-0.000533	1.115498	46.001000
-0.000533	1.115493	46.101000
-0.000527	1.115383	46.201000
-0.000530	1.115245	46.301000
-0.000527	1.115195	46.401000
-0.000529	1.115101	46.501000
-0.000529	1.115089	46.601000
-0.000522	1.115024	46.701000
-0.000522	1.114950	46.801000
-0.000516	1.114856	46.901000
-0.000529	1.114780	47.001000
-0.000528	1.114728	47.101000
-0.000533	1.114645	47.201000
-0.000520	1.114652	47.301000
-0.000530	1.114566	47.401000
-0.000539	1.114453	47.501000
-0.000523	1.114420	47.601000
-0.000526	1.114392	47.701000
-0.000527	1.114317	47.801000
-0.000525	1.114145	47.901000
-0.000533	1.114047	48.001000
-0.000520	1.114031	48.101000
-0.000525	1.113865	48.201000
-0.000521	1.113865	48.301000
-0.000524	1.113852	48.401000
-0.000533	1.113609	48.501000
-0.000525	1.113613	48.601000
-0.000531	1.113693	48.701000
-0.000531	1.113552	48.801000
-0.000534	1.113510	48.901000
-0.000540	1.113422	49.001000
-0.000524	1.113414	49.101000
-0.000524	1.113316	49.201000
-0.000532	1.113275	49.301000
-0.000519	1.113212	49.401000
-0.000534	1.113097	49.501000
-0.000522	1.113010	49.601000
-0.000529	1.113013	49.701000
-0.000532	1.112897	49.801000
-0.000524	1.112705	49.901000
-0.000536	1.112699	50.001000
-0.000517	1.112591	50.101000
-0.000525	1.112510	50.201000
-0.000524	1.112473	50.301000
-0.000525	1.112274	50.401000
-0.000535	1.112241	50.501000
-0.000521	1.112140	50.601000
-0.000528	1.111991	50.701000
-0.000525	1.111940	50.801000
-0.000526	1.111910	50.901000
-0.000537	1.111747	51.001000
-0.000515	1.111719	51.101000
-0.000529	1.111733	51.201000
-0.000520	1.111586	51.301000
-0.000529	1.111512	51.401000
-0.000533	1.111526	51.501000
-0.000508	1.111570	51.601000
-0.000528	1.111539	51.701000
-0.000518	1.111435	51.801000
-0.000524	1.111376	51.901000
-0.000541	1.111374	52.001000
-0.000513	1.111332	52.101000
-0.000525	1.111226	52.201000
-0.000517	1.111126	52.301000
-0.000521	1.111050	52.401000
-0.000531	1.110969	52.501000
-0.000505	1.110913	52.601000
-0.000527	1.110872	52.701000
-0.000509	1.110810	52.801000
-0.000520	1.110417	52.901000
-0.000529	1.110356	53.001000
-0.000518	1.110414	53.101000
-0.000540	1.110338	53.201000
-0.000520	1.110288	53.301000
-0.000533	1.110199	53.401000
-0.000536	1.110063	53.501000
-0.000515	1.110064	53.601000
-0.000540	1.109894	53.701000
-0.000519	1.109944	53.801000
-0.000524	1.109820	53.901000
-0.000538	1.109562	54.001000
-0.000516	1.109654	54.101000
-0.000535	1.109667	54.201000
-0.000515	1.109529	54.301000
-0.000530	1.109375	54.401000
-0.000534	1.109315	54.501000
0.025803	1.109225	54.601000
0.041284	1.108931	54.701000
0.041310	1.108920	54.801000
0.041277	1.108894	54.901000
0.041285	1.108660	55.001000
0.041312	1.108595	55.101000
0.041286	1.108424	55.201000
0.041317	1.108421	55.301000
0.041281	1.108278	55.401000
0.041285	1.108125	55.501000
0.041309	1.108149	55.601000
0.041285	1.107989	55.701000
0.041307	1.107978	55.801000
0.001395	1.107966	55.901000
-0.000541	1.107815	56.001000
-0.000514	1.107770	56.101000
-0.000537	1.107740	56.201000
-0.000516	1.107676	56.301000
-0.000537	1.107607	56.401000
-0.000539	1.107542	56.501000
-0.000516	1.107391	56.601000
-0.000543	1.107410	56.701000
-0.000522	1.107291	56.801000
-0.000547	1.107422	56.901000
-0.000534	1.107377	57.001000
-0.000507	1.107338	57.101000
-0.000536	1.107267	57.201000
-0.000499	1.107059	57.301000
-0.000535	1.107017	57.401000
-0.000541	1.106879	57.501000
-0.000511	1.106754	57.601000
-0.000549	1.106682	57.701000
-0.000513	1.106700	57.801000
-0.000534	1.106544	57.901000
-0.000537	1.106518	58.001000
-0.000512	1.106442	58.101000
-0.000548	1.106406	58.201000
-0.000515	1.106435	58.301000
-0.000541	1.106291	58.401000
-0.000541	1.106296	58.501000
-0.000514	1.106296	58.601000
-0.000548	1.106209	58.701000
-0.000517	1.106061	58.801000
-0.000540	1.105982	58.901000
-0.000541	1.105951	59.001000
-0.000521	1.105873	59.101000
-0.000546	1.105788	59.201000
-0.000525	1.105790	59.301000
-0.000555	1.105693	59.401000
-0.000545	1.105595	59.501000
-0.000520	1.105563	59.601000
-0.000539	1.105410	59.701000
-0.000517	1.105289	59.801000
-0.000545	1.105252	59.901000
-0.000544	1.105166	60.001000
-0.000519	1.105049	60.101000
-0.000540	1.105052	60.201000
-0.000514	1.105082	60.301000
-0.000545	1.104979	60.401000
-0.000541	1.104943	60.501000
-0.000527	1.104888	60.601000
-0.000540	1.104870	60.701000
-0.000517	1.104829	60.801000
-0.000533	1.104712	60.901000
-0.000532	1.104617	61.001000
-0.000510	1.104599	61.101000
-0.000539	1.104449	61.201000
-0.000510	1.104442	61.301000
-0.000545	1.104310	61.401000
-0.000529	1.104180	61.501000
-0.000524	1.104238	61.601000
-0.000538	1.104179	61.701000
-0.000513	1.104166	61.801000
-0.000541	1.104071	61.901000
-0.000540	1.104072	62.001000
-0.000527	1.104004	62.101000
-0.000542	1.103901	62.201000
-0.000516	1.103913	62.301000
-0.000533	1.103847	62.401000
-0.000533	1.103748	62.501000
-0.000517	1.103638	62.601000
-0.000536	1.103547	62.701000
-0.000523	1.103490	62.801000
-0.000545	1.103408	62.901000
-0.000538	1.103299	63.001000
-0.000524	1.103071	63.101000
-0.000547	1.103069	63.201000
-0.000522	1.102999	63.301000
-0.000540	1.102938	63.401000
-0.000540	1.102856	63.501000
-0.000525	1.102944	63.601000
-0.000535	1.102722	63.701000
-0.000521	1.102749	63.801000
-0.000541	1.102556	63.901000
-0.000531	1.102504	64.001000
-0.000511	1.102480	64.101000
-0.000532	1.102452	64.201000
-0.000512	1.102432	64.301000
-0.000540	1.102342	64.401000
-0.000532	1.102100	64.501000
-0.000520	1.102106	64.601000
-0.000537	1.101965	64.701000
-0.000526	1.101905	64.801000
-0.000533	1.101847	64.901000
-0.000532	1.101788	65.001000
-0.000527	1.101814	65.101000
-0.000547	1.101645	65.201000
-0.000527	1.101534	65.301000
-0.000543	1.101410	65.401000
-0.000543	1.101321	65.501000
-0.000531	1.101148	65.601000
-0.000546	1.101150	65.701000
-0.000520	1.101059	65.801000
-0.000546	1.101051	65.901000
-0.000534	1.100975	66.001000
-0.000530	1.100969	66.101000
-0.000531	1.100841	66.201000
-0.000522	1.100769	66.301000
-0.000536	1.100748	66.401000
-0.000527	1.100651	66.501000
-0.000524	1.100652	66.601000
-0.000537	1.100382	66.701000
-0.000528	1.100412	66.801000
-0.000536	1.100382	66.901000
0.021720	1.099474	67.001000
0.041295	1.098092	67.101000
0.041286	1.097839	67.201000
0.041296	1.097657	67.301000
0.041278	1.097639	67.401000
0.041285	1.097531	67.501000
0.041288	1.097539	67.601000
0.041282	1.097484	67.701000
0.041296	1.097452	67.801000
0.041273	1.097439	67.901000
0.041281	1.097350	68.001000
0.041286	1.097420	68.101000
0.041281	1.097345	68.201000
0.005680	1.097247	68.301000
-0.000547	1.097093	68.401000
-0.000538	1.097101	68.501000
-0.000533	1.097065	68.601000
-0.000533	1.096889	68.701000
-0.000534	1.096858	68.801000
-0.000544	1.096626	68.901000
-0.000532	1.096608	69.001000
-0.000532	1.096586	69.101000
-0.000536	1.096572	69.201000
-0.000522	1.096597	69.301000
-0.000544	1.096294	69.401000
-0.000531	1.096316	69.501000
-0.000524	1.096118	69.601000
-0.000530	1.096068	69.701000
-0.000523	1.096052	69.801000
-0.000536	1.095950	69.901000
-0.000535	1.095840	70.001000
-0.000540	1.095885	70.101000
-0.000537	1.095709	70.201000
-0.000525	1.095699	70.301000
-0.000542	1.095639	70.401000
-0.000530	1.095544	70.501000
-0.000531	1.095547	70.601000
-0.000531	1.095451	70.701000
-0.000524	1.095286	70.801000
-0.000536	1.095276	70.901000
-0.000535	1.095289	71.001000
-0.000530	1.095225	71.101000
-0.000539	1.095028	71.201000
-0.000537	1.094965	71.301000
-0.000541	1.094897	71.401000
-0.000548	1.094797	71.501000
-0.000541	1.094740	71.601000
-0.000541	1.094776	71.701000
-0.000523	1.094700	71.801000
-0.000540	1.094578	71.901000
-0.000540	1.094434	72.001000
-0.000537	1.094458	72.101000
-0.000537	1.094357	72.201000
-0.000531	1.094358	72.301000
-0.000551	1.094202	72.401000
-0.000540	1.094068	72.501000
-0.000532	1.094087	72.601000
-0.000540	1.094042	72.701000
-0.000532	1.094001	72.801000
-0.000534	1.093866	72.901000
-0.000530	1.093813	73.001000
-0.000533	1.093788	73.101000
-0.000533	1.093569	73.201000
-0.000525	1.093644	73.301000
-0.000536	1.093632	73.401000
-0.000536	1.093535	73.501000
-0.000521	1.093518	73.601000
-0.000536	1.093373	73.701000
-0.000521	1.093323	73.801000
-0.000544	1.093118	73.901000
-0.000528	1.093105	74.001000
-0.000534	1.093122	74.101000
-0.000536	1.092900	74.201000
-0.000517	1.092945	74.301000
-0.000541	1.092840	74.401000
-0.000530	1.092796	74.501000
-0.000524	1.092815	74.601000
-0.000536	1.092658	74.701000
-0.000529	1.092639	74.801000
-0.000542	1.092487	74.901000
-0.000525	1.092439	75.001000
-0.000519	1.092528	75.101000
-0.000525	1.092461	75.201000
-0.000525	1.092355	75.301000
-0.000540	1.092200	75.401000
-0.000543	1.092219	75.501000
-0.000532	1.092129	75.601000
-0.000540	1.091958	75.701000
-0.000522	0.740203	75.801000
-0.000531	0.060568	75.901000
-0.000514	0.060752	76.001000
-0.000514	0.059899	76.101000
-0.000532	0.060986	76.201000
-0.000517	0.066781	76.301000
-0.000530	0.064877	76.401000
-0.000522	0.064499	76.501000
-0.000519	0.064333	76.601000
-0.000526	0.063128	76.701000
-0.000523	0.063391	76.801000
-0.000537	0.063470	76.901000
-0.000528	0.062012	77.001000
-0.000520	0.063404	77.101000
-0.000534	0.063959	77.201000
-0.000514	0.063914	77.301000
