1.525000000E+5	1.581900000E-1	8.840000000E-1
1.526000000E+5	1.669800000E-1	8.838000000E-1
1.527000000E+5	1.721300000E-1	8.840000000E-1
1.528000000E+5	1.617700000E-1	8.839000000E-1
1.529000000E+5	1.820200000E-1	8.840000000E-1
1.530000000E+5	1.727700000E-1	8.839000000E-1
1.531000000E+5	1.815200000E-1	8.839000000E-1
1.532000000E+5	1.915300000E-1	8.839000000E-1
1.533000000E+5	2.016000000E-1	8.840000000E-1
1.534000000E+5	1.849000000E-1	8.839000000E-1
1.535000000E+5	2.061000000E-1	8.839000000E-1
1.536000000E+5	2.107000000E-1	8.838000000E-1
1.537000000E+5	2.054000000E-1	8.839000000E-1
1.538000000E+5	2.177000000E-1	8.839000000E-1
1.539000000E+5	2.272000000E-1	8.839000000E-1
1.540000000E+5	2.231000000E-1	8.839000000E-1
1.541000000E+5	2.438000000E-1	8.840000000E-1
1.542000000E+5	2.357000000E-1	8.839000000E-1
1.543000000E+5	2.512000000E-1	8.839000000E-1
1.544000000E+5	2.505000000E-1	8.839000000E-1
1.545000000E+5	2.746000000E-1	8.840000000E-1
1.546000000E+5	2.753000000E-1	8.839000000E-1
1.547000000E+5	2.847000000E-1	8.839000000E-1
1.548000000E+5	2.926000000E-1	8.839000000E-1
1.549000000E+5	2.932000000E-1	8.838000000E-1
1.550000000E+5	3.134000000E-1	8.841000000E-1
1.551000000E+5	3.133000000E-1	8.839000000E-1
1.552000000E+5	3.315000000E-1	8.841000000E-1
1.553000000E+5	3.402000000E-1	8.838000000E-1
1.554000000E+5	3.527000000E-1	8.840000000E-1
1.555000000E+5	3.580000000E-1	8.838000000E-1
1.556000000E+5	3.867000000E-1	8.840000000E-1
1.557000000E+5	3.738000000E-1	8.839000000E-1
1.558000000E+5	3.997000000E-1	8.840000000E-1
1.559000000E+5	4.195000000E-1	8.839000000E-1
1.560000000E+5	4.515000000E-1	8.840000000E-1
1.561000000E+5	4.503000000E-1	8.838000000E-1
1.562000000E+5	4.752000000E-1	8.840000000E-1
1.563000000E+5	4.831000000E-1	8.839000000E-1
1.564000000E+5	5.179000000E-1	8.840000000E-1
1.565000000E+5	5.334000000E-1	8.838000000E-1
1.566000000E+5	5.554000000E-1	8.840000000E-1
1.567000000E+5	5.801000000E-1	8.839000000E-1
1.568000000E+5	6.200000000E-1	8.840000000E-1
1.569000000E+5	6.439000000E-1	8.839000000E-1
1.570000000E+5	6.910000000E-1	8.840000000E-1
1.571000000E+5	7.112000000E-1	8.839000000E-1
1.572000000E+5	7.625000000E-1	8.840000000E-1
1.573000000E+5	8.017000000E-1	8.839000000E-1
1.574000000E+5	8.427000000E-1	8.839000000E-1
1.575000000E+5	8.851000000E-1	8.839000000E-1
1.576000000E+5	9.722000000E-1	8.839000000E-1
1.577000000E+5	1.009400000E+0	8.839000000E-1
1.578000000E+5	1.078400000E+0	8.840000000E-1
1.579000000E+5	1.154000000E+0	8.839000000E-1
1.580000000E+5	1.224100000E+0	8.839000000E-1
1.581000000E+5	1.329900000E+0	8.838000000E-1
1.582000000E+5	1.415100000E+0	8.839000000E-1
1.583000000E+5	1.525900000E+0	8.839000000E-1
1.584000000E+5	1.621800000E+0	8.839000000E-1
1.585000000E+5	1.752700000E+0	8.839000000E-1
1.586000000E+5	1.922000000E+0	8.839000000E-1
1.587000000E+5	2.027000000E+0	8.839000000E-1
1.588000000E+5	2.263000000E+0	8.839000000E-1
1.589000000E+5	2.436000000E+0	8.839000000E-1
1.590000000E+5	2.638000000E+0	8.839000000E-1
1.591000000E+5	2.837000000E+0	8.839000000E-1
1.592000000E+5	3.066000000E+0	8.839000000E-1
1.593000000E+5	3.293000000E+0	8.839000000E-1
1.594000000E+5	3.463000000E+0	8.839000000E-1
1.595000000E+5	3.710000000E+0	8.839000000E-1
1.596000000E+5	3.944000000E+0	8.840000000E-1
1.597000000E+5	4.121000000E+0	8.839000000E-1
1.598000000E+5	4.288000000E+0	8.840000000E-1
1.599000000E+5	4.425000000E+0	8.838000000E-1
1.600000000E+5	4.590000000E+0	8.840000000E-1
1.601000000E+5	4.756000000E+0	8.838000000E-1
1.602000000E+5	4.874000000E+0	8.840000000E-1
1.603000000E+5	4.987000000E+0	8.838000000E-1
1.604000000E+5	5.072000000E+0	8.840000000E-1
1.605000000E+5	5.183000000E+0	8.838000000E-1
1.606000000E+5	5.295000000E+0	8.840000000E-1
1.607000000E+5	5.327000000E+0	8.838000000E-1
1.608000000E+5	5.393000000E+0	8.839000000E-1
1.609000000E+5	5.389000000E+0	8.838000000E-1
1.610000000E+5	5.424000000E+0	8.839000000E-1
1.611000000E+5	5.448000000E+0	8.838000000E-1
1.612000000E+5	5.453000000E+0	8.840000000E-1
1.613000000E+5	5.422000000E+0	8.839000000E-1
1.614000000E+5	5.426000000E+0	8.839000000E-1
1.615000000E+5	5.339000000E+0	8.839000000E-1
1.616000000E+5	5.323000000E+0	8.839000000E-1
1.617000000E+5	5.200000000E+0	8.839000000E-1
1.618000000E+5	5.091000000E+0	8.839000000E-1
1.619000000E+5	4.989000000E+0	8.839000000E-1
1.620000000E+5	4.826000000E+0	8.840000000E-1
1.621000000E+5	4.609000000E+0	8.838000000E-1
1.622000000E+5	4.380000000E+0	8.840000000E-1
1.623000000E+5	4.083000000E+0	8.839000000E-1
1.624000000E+5	3.859000000E+0	8.840000000E-1
1.625000000E+5	3.574000000E+0	8.838000000E-1
1.626000000E+5	3.318000000E+0	8.840000000E-1
1.627000000E+5	3.047000000E+0	8.838000000E-1
1.628000000E+5	2.803000000E+0	8.840000000E-1
1.629000000E+5	2.568000000E+0	8.838000000E-1
1.630000000E+5	2.337000000E+0	8.840000000E-1
1.631000000E+5	2.143000000E+0	8.838000000E-1
1.632000000E+5	1.974000000E+0	8.839000000E-1
1.633000000E+5	1.812000000E+0	8.838000000E-1
1.634000000E+5	1.699300000E+0	8.840000000E-1
1.635000000E+5	1.555900000E+0	8.839000000E-1
1.636000000E+5	1.477500000E+0	8.839000000E-1
1.637000000E+5	1.372000000E+0	8.839000000E-1
1.638000000E+5	1.274500000E+0	8.840000000E-1
1.639000000E+5	1.185000000E+0	8.838000000E-1
1.640000000E+5	1.112700000E+0	8.840000000E-1
1.641000000E+5	1.045800000E+0	8.838000000E-1
1.642000000E+5	9.705000000E-1	8.840000000E-1
1.643000000E+5	9.124000000E-1	8.838000000E-1
1.644000000E+5	8.772000000E-1	8.840000000E-1
1.645000000E+5	8.118000000E-1	8.838000000E-1
1.646000000E+5	7.779000000E-1	8.840000000E-1
1.647000000E+5	7.140000000E-1	8.838000000E-1
1.648000000E+5	6.935000000E-1	8.839000000E-1
1.649000000E+5	6.502000000E-1	8.839000000E-1
1.650000000E+5	6.386000000E-1	8.839000000E-1
1.651000000E+5	6.007000000E-1	8.839000000E-1
1.652000000E+5	5.765000000E-1	8.839000000E-1
1.653000000E+5	5.464000000E-1	8.838000000E-1
1.654000000E+5	5.260000000E-1	8.839000000E-1
1.655000000E+5	5.068000000E-1	8.839000000E-1
1.656000000E+5	4.840000000E-1	8.839000000E-1
1.657000000E+5	4.564000000E-1	8.839000000E-1
1.658000000E+5	4.392000000E-1	8.839000000E-1
1.659000000E+5	4.325000000E-1	8.839000000E-1
1.660000000E+5	4.094000000E-1	8.839000000E-1
1.661000000E+5	3.954000000E-1	8.839000000E-1
1.662000000E+5	3.865000000E-1	8.839000000E-1
1.663000000E+5	3.620000000E-1	8.839000000E-1
1.664000000E+5	3.580000000E-1	8.839000000E-1
1.665000000E+5	3.450000000E-1	8.839000000E-1
1.666000000E+5	3.284000000E-1	8.839000000E-1
1.667000000E+5	3.182000000E-1	8.839000000E-1
1.668000000E+5	3.240000000E-1	8.839000000E-1
1.669000000E+5	3.067000000E-1	8.839000000E-1
1.670000000E+5	3.152000000E-1	8.839000000E-1
1.671000000E+5	2.810000000E-1	8.839000000E-1
1.672000000E+5	2.691000000E-1	8.839000000E-1
1.673000000E+5	2.605000000E-1	8.839000000E-1
1.674000000E+5	2.467000000E-1	8.839000000E-1
1.675000000E+5	2.518000000E-1	8.839000000E-1
1.676000000E+5	2.404000000E-1	8.839000000E-1
1.677000000E+5	2.415000000E-1	8.839000000E-1
1.678000000E+5	2.229000000E-1	8.838000000E-1
1.679000000E+5	2.390000000E-1	8.839000000E-1
1.680000000E+5	2.093000000E-1	8.838000000E-1
1.681000000E+5	2.066000000E-1	8.840000000E-1
1.682000000E+5	2.183000000E-1	8.838000000E-1
1.683000000E+5	2.124000000E-1	8.840000000E-1
1.684000000E+5	1.969000000E-1	8.838000000E-1
1.685000000E+5	1.923000000E-1	8.840000000E-1
1.686000000E+5	1.805000000E-1	8.839000000E-1
1.687000000E+5	1.824000000E-1	8.839000000E-1
1.688000000E+5	1.760000000E-1	8.839000000E-1
1.689000000E+5	1.862000000E-1	8.839000000E-1
1.690000000E+5	1.647600000E-1	8.839000000E-1
1.691000000E+5	1.634600000E-1	8.839000000E-1
1.692000000E+5	1.503800000E-1	8.839000000E-1
1.693000000E+5	1.542700000E-1	8.839000000E-1
1.694000000E+5	1.574900000E-1	8.838000000E-1
1.695000000E+5	1.571200000E-1	8.839000000E-1
1.696000000E+5	1.557400000E-1	8.838000000E-1
1.697000000E+5	1.345500000E-1	8.839000000E-1
1.698000000E+5	1.381300000E-1	8.839000000E-1
1.699000000E+5	1.383200000E-1	8.838000000E-1
1.700000000E+5	1.367600000E-1	8.840000000E-1
1.701000000E+5	1.296500000E-1	8.839000000E-1
1.702000000E+5	1.247100000E-1	8.839000000E-1
1.703000000E+5	1.290200000E-1	8.839000000E-1
1.704000000E+5	1.163600000E-1	8.839000000E-1
1.705000000E+5	1.216500000E-1	8.839000000E-1
1.706000000E+5	1.210700000E-1	8.839000000E-1
1.707000000E+5	1.187300000E-1	8.839000000E-1
1.708000000E+5	1.287600000E-1	8.839000000E-1
1.709000000E+5	1.123700000E-1	8.839000000E-1
1.710000000E+5	1.138600000E-1	8.840000000E-1
1.711000000E+5	1.045300000E-1	8.838000000E-1
1.712000000E+5	1.012900000E-1	8.839000000E-1
1.713000000E+5	9.660000000E-2	8.839000000E-1
1.714000000E+5	1.015200000E-1	8.839000000E-1
1.715000000E+5	1.015900000E-1	8.839000000E-1
1.716000000E+5	1.023100000E-1	8.839000000E-1
1.717000000E+5	8.919000000E-2	8.839000000E-1
1.718000000E+5	1.007800000E-1	8.839000000E-1
1.719000000E+5	8.496000000E-2	8.839000000E-1
1.720000000E+5	8.896000000E-2	8.839000000E-1
1.721000000E+5	9.001000000E-2	8.839000000E-1
1.722000000E+5	9.221000000E-2	8.839000000E-1
1.723000000E+5	8.963000000E-2	8.839000000E-1
1.724000000E+5	8.359000000E-2	8.839000000E-1
