1.520000000E+5	1.089000000E-2	8.854000000E-1
1.521000000E+5	-6.790000000E-3	8.853000000E-1
1.522000000E+5	7.530000000E-3	8.854000000E-1
1.523000000E+5	7.900000000E-3	8.852000000E-1
1.524000000E+5	9.170000000E-3	8.854000000E-1
1.525000000E+5	5.200000000E-3	8.853000000E-1
1.526000000E+5	4.650000000E-3	8.854000000E-1
1.527000000E+5	2.009000000E-2	8.853000000E-1
1.528000000E+5	-9.500000000E-4	8.855000000E-1
1.529000000E+5	1.403000000E-2	8.854000000E-1
1.530000000E+5	5.900000000E-3	8.853000000E-1
1.531000000E+5	1.129000000E-2	8.854000000E-1
1.532000000E+5	1.750000000E-3	8.853000000E-1
1.533000000E+5	1.641000000E-2	8.854000000E-1
1.534000000E+5	1.181000000E-2	8.853000000E-1
1.535000000E+5	1.490000000E-3	8.854000000E-1
1.536000000E+5	1.067000000E-2	8.853000000E-1
1.537000000E+5	-7.220000000E-3	8.854000000E-1
1.538000000E+5	2.113000000E-2	8.853000000E-1
1.539000000E+5	3.940000000E-3	8.854000000E-1
1.540000000E+5	1.511000000E-2	8.853000000E-1
1.541000000E+5	3.130000000E-3	8.854000000E-1
1.542000000E+5	9.800000000E-3	8.853000000E-1
1.543000000E+5	3.650000000E-3	8.854000000E-1
1.544000000E+5	1.588000000E-2	8.853000000E-1
1.545000000E+5	-4.420000000E-3	8.854000000E-1
1.546000000E+5	5.620000000E-3	8.854000000E-1
1.547000000E+5	-1.260000000E-3	8.854000000E-1
1.548000000E+5	1.279000000E-2	8.852000000E-1
1.549000000E+5	-4.890000000E-3	8.854000000E-1
1.550000000E+5	4.820000000E-3	8.854000000E-1
1.551000000E+5	4.990000000E-3	8.853000000E-1
1.552000000E+5	2.369000000E-2	8.854000000E-1
1.553000000E+5	3.170000000E-3	8.853000000E-1
1.554000000E+5	2.590000000E-3	8.854000000E-1
1.555000000E+5	1.531000000E-2	8.853000000E-1
1.556000000E+5	-9.870000000E-3	8.854000000E-1
1.557000000E+5	1.699000000E-2	8.854000000E-1
1.558000000E+5	8.590000000E-3	8.854000000E-1
1.559000000E+5	1.058000000E-2	8.854000000E-1
1.560000000E+5	4.830000000E-3	8.854000000E-1
1.561000000E+5	1.236000000E-2	8.853000000E-1
1.562000000E+5	3.360000000E-3	8.854000000E-1
1.563000000E+5	3.070000000E-2	8.853000000E-1
1.564000000E+5	1.120000000E-2	8.854000000E-1
1.565000000E+5	2.050000000E-3	8.854000000E-1
1.566000000E+5	5.540000000E-3	8.853000000E-1
1.567000000E+5	6.040000000E-3	8.854000000E-1
1.568000000E+5	3.940000000E-3	8.853000000E-1
1.569000000E+5	1.150000000E-3	8.854000000E-1
1.570000000E+5	1.129000000E-2	8.853000000E-1
1.571000000E+5	-5.960000000E-3	8.854000000E-1
1.572000000E+5	2.039000000E-2	8.853000000E-1
1.573000000E+5	1.760000000E-3	8.854000000E-1
1.574000000E+5	8.680000000E-3	8.854000000E-1
1.575000000E+5	-2.870000000E-3	8.854000000E-1
1.576000000E+5	1.347000000E-2	8.853000000E-1
1.577000000E+5	1.328000000E-2	8.854000000E-1
1.578000000E+5	1.011000000E-2	8.853000000E-1
1.579000000E+5	8.410000000E-3	8.854000000E-1
1.580000000E+5	7.660000000E-3	8.853000000E-1
1.581000000E+5	6.130000000E-3	8.854000000E-1
1.582000000E+5	1.385000000E-2	8.853000000E-1
1.583000000E+5	-3.410000000E-3	8.855000000E-1
1.584000000E+5	1.533000000E-2	8.853000000E-1
1.585000000E+5	7.440000000E-3	8.854000000E-1
1.586000000E+5	1.308000000E-2	8.853000000E-1
1.587000000E+5	7.110000000E-3	8.855000000E-1
1.588000000E+5	1.893000000E-2	8.853000000E-1
1.589000000E+5	1.421000000E-2	8.854000000E-1
1.590000000E+5	2.703000000E-2	8.853000000E-1
1.591000000E+5	5.210000000E-3	8.854000000E-1
1.592000000E+5	2.112000000E-2	8.853000000E-1
1.593000000E+5	3.189000000E-2	8.853000000E-1
1.594000000E+5	2.288000000E-2	8.854000000E-1
1.595000000E+5	1.640000000E-2	8.854000000E-1
1.596000000E+5	1.895000000E-2	8.854000000E-1
1.597000000E+5	3.886000000E-2	8.853000000E-1
1.598000000E+5	3.738000000E-2	8.854000000E-1
1.599000000E+5	4.916000000E-2	8.853000000E-1
1.600000000E+5	5.760000000E-2	8.854000000E-1
1.601000000E+5	8.324000000E-2	8.854000000E-1
1.602000000E+5	1.098500000E-1	8.854000000E-1
1.603000000E+5	1.778000000E-1	8.853000000E-1
1.604000000E+5	2.661000000E-1	8.853000000E-1
1.605000000E+5	3.118000000E-1	8.854000000E-1
1.606000000E+5	3.589000000E-1	8.854000000E-1
1.607000000E+5	3.729000000E-1	8.853000000E-1
1.608000000E+5	3.751000000E-1	8.854000000E-1
1.609000000E+5	3.996000000E-1	8.853000000E-1
1.610000000E+5	3.823000000E-1	8.854000000E-1
1.611000000E+5	4.094000000E-1	8.853000000E-1
1.612000000E+5	4.051000000E-1	8.854000000E-1
1.613000000E+5	4.217000000E-1	8.853000000E-1
1.614000000E+5	4.130000000E-1	8.855000000E-1
1.615000000E+5	4.246000000E-1	8.853000000E-1
1.616000000E+5	4.206000000E-1	8.854000000E-1
1.617000000E+5	4.388000000E-1	8.854000000E-1
1.618000000E+5	4.538000000E-1	8.853000000E-1
1.619000000E+5	4.477000000E-1	8.854000000E-1
1.620000000E+5	4.511000000E-1	8.853000000E-1
1.621000000E+5	4.489000000E-1	8.854000000E-1
1.622000000E+5	4.593000000E-1	8.853000000E-1
1.623000000E+5	4.656000000E-1	8.854000000E-1
1.624000000E+5	4.852000000E-1	8.853000000E-1
1.625000000E+5	4.561000000E-1	8.855000000E-1
1.626000000E+5	4.717000000E-1	8.853000000E-1
1.627000000E+5	4.758000000E-1	8.854000000E-1
1.628000000E+5	4.949000000E-1	8.854000000E-1
1.629000000E+5	4.635000000E-1	8.853000000E-1
1.630000000E+5	4.429000000E-1	8.854000000E-1
1.631000000E+5	3.099000000E-1	8.853000000E-1
1.632000000E+5	1.604500000E-1	8.854000000E-1
1.633000000E+5	9.682000000E-2	8.853000000E-1
1.634000000E+5	6.421000000E-2	8.855000000E-1
1.635000000E+5	6.050000000E-2	8.853000000E-1
1.636000000E+5	4.665000000E-2	8.855000000E-1
1.637000000E+5	3.417000000E-2	8.854000000E-1
1.638000000E+5	2.814000000E-2	8.853000000E-1
1.639000000E+5	2.314000000E-2	8.854000000E-1
1.640000000E+5	3.370000000E-2	8.853000000E-1
1.641000000E+5	1.725000000E-2	8.854000000E-1
1.642000000E+5	2.508000000E-2	8.854000000E-1
1.643000000E+5	1.708000000E-2	8.855000000E-1
1.644000000E+5	1.776000000E-2	8.853000000E-1
1.645000000E+5	3.740000000E-3	8.853000000E-1
1.646000000E+5	1.110000000E-2	8.854000000E-1
1.647000000E+5	1.480000000E-2	8.853000000E-1
1.648000000E+5	1.677000000E-2	8.854000000E-1
1.649000000E+5	1.863000000E-2	8.853000000E-1
1.650000000E+5	-3.470000000E-3	8.854000000E-1
1.651000000E+5	2.328000000E-2	8.853000000E-1
1.652000000E+5	1.270000000E-3	8.854000000E-1
1.653000000E+5	1.889000000E-2	8.853000000E-1
1.654000000E+5	1.537000000E-2	8.855000000E-1
1.655000000E+5	9.840000000E-3	8.853000000E-1
1.656000000E+5	1.159000000E-2	8.855000000E-1
1.657000000E+5	2.133000000E-2	8.853000000E-1
1.658000000E+5	4.110000000E-3	8.853000000E-1
1.659000000E+5	1.866000000E-2	8.854000000E-1
1.660000000E+5	2.237000000E-2	8.853000000E-1
1.661000000E+5	1.360000000E-3	8.854000000E-1
1.662000000E+5	1.171000000E-2	8.854000000E-1
1.663000000E+5	1.121000000E-2	8.854000000E-1
1.664000000E+5	-4.320000000E-3	8.853000000E-1
1.665000000E+5	2.490000000E-3	8.855000000E-1
1.666000000E+5	1.564000000E-2	8.853000000E-1
1.667000000E+5	2.530000000E-3	8.855000000E-1
1.668000000E+5	-1.300000000E-4	8.853000000E-1
1.669000000E+5	5.100000000E-3	8.855000000E-1
1.670000000E+5	1.196000000E-2	8.853000000E-1
1.671000000E+5	4.230000000E-3	8.855000000E-1
1.672000000E+5	1.212000000E-2	8.853000000E-1
1.673000000E+5	1.118000000E-2	8.855000000E-1
1.674000000E+5	2.206000000E-2	8.853000000E-1
1.675000000E+5	1.476000000E-2	8.855000000E-1
1.676000000E+5	3.370000000E-3	8.854000000E-1
1.677000000E+5	-8.590000000E-3	8.854000000E-1
1.678000000E+5	1.570000000E-3	8.854000000E-1
1.679000000E+5	1.038000000E-2	8.853000000E-1
1.680000000E+5	1.791000000E-2	8.854000000E-1
1.681000000E+5	1.200000000E-3	8.853000000E-1
1.682000000E+5	1.237000000E-2	8.854000000E-1
1.683000000E+5	1.246000000E-2	8.854000000E-1
1.684000000E+5	9.700000000E-3	8.854000000E-1
1.685000000E+5	7.100000000E-3	8.853000000E-1
1.686000000E+5	-3.950000000E-3	8.854000000E-1
1.687000000E+5	2.390000000E-3	8.853000000E-1
1.688000000E+5	2.340000000E-3	8.855000000E-1
1.689000000E+5	2.162000000E-2	8.853000000E-1
1.690000000E+5	1.730000000E-3	8.855000000E-1
1.691000000E+5	1.118000000E-2	8.854000000E-1
1.692000000E+5	-8.630000000E-3	8.853000000E-1
1.693000000E+5	1.103000000E-2	8.854000000E-1
1.694000000E+5	-1.304000000E-2	8.854000000E-1
1.695000000E+5	-2.200000000E-4	8.854000000E-1
1.696000000E+5	1.955000000E-2	8.853000000E-1
1.697000000E+5	-8.000000000E-5	8.855000000E-1
1.698000000E+5	1.808000000E-2	8.853000000E-1
1.699000000E+5	4.830000000E-3	8.854000000E-1
1.700000000E+5	2.300000000E-3	8.853000000E-1
1.701000000E+5	-1.500000000E-4	8.854000000E-1
1.702000000E+5	1.980000000E-3	8.854000000E-1
1.703000000E+5	-1.610000000E-3	8.853000000E-1
1.704000000E+5	1.063000000E-2	8.854000000E-1
1.705000000E+5	8.000000000E-4	8.853000000E-1
1.706000000E+5	2.380000000E-3	8.854000000E-1
1.707000000E+5	1.515000000E-2	8.854000000E-1
1.708000000E+5	4.360000000E-3	8.854000000E-1
1.709000000E+5	6.810000000E-3	8.853000000E-1
1.710000000E+5	1.820000000E-3	8.854000000E-1
1.711000000E+5	7.800000000E-4	8.854000000E-1
1.712000000E+5	-3.110000000E-3	8.854000000E-1
1.713000000E+5	1.400000000E-2	8.853000000E-1
1.714000000E+5	-1.180000000E-3	8.855000000E-1
1.715000000E+5	6.140000000E-3	8.852000000E-1
1.716000000E+5	-1.820000000E-3	8.853000000E-1
1.717000000E+5	3.160000000E-3	8.854000000E-1
1.718000000E+5	1.193000000E-2	8.853000000E-1
1.719000000E+5	-7.840000000E-3	8.854000000E-1
