1.375000000E+5	8.348000000E-1	8.966000000E-1
1.377500000E+5	9.848000000E-1	8.967000000E-1
1.380000000E+5	9.299000000E-1	8.966000000E-1
1.382500000E+5	9.970000000E-1	8.966000000E-1
1.385000000E+5	9.732000000E-1	8.967000000E-1
1.387500000E+5	1.061100000E+0	8.967000000E-1
1.390000000E+5	1.059200000E+0	8.965000000E-1
1.392500000E+5	1.099100000E+0	8.967000000E-1
1.395000000E+5	1.079300000E+0	8.966000000E-1
1.397500000E+5	1.172800000E+0	8.967000000E-1
1.400000000E+5	1.191500000E+0	8.966000000E-1
1.402500000E+5	1.228600000E+0	8.967000000E-1
1.405000000E+5	1.236600000E+0	8.965000000E-1
1.407500000E+5	1.255300000E+0	8.967000000E-1
1.410000000E+5	1.254600000E+0	8.966000000E-1
1.412500000E+5	1.351100000E+0	8.966000000E-1
1.415000000E+5	1.374300000E+0	8.966000000E-1
1.417500000E+5	1.451500000E+0	8.966000000E-1
1.420000000E+5	1.394500000E+0	8.966000000E-1
1.422500000E+5	1.445900000E+0	8.966000000E-1
1.425000000E+5	1.460600000E+0	8.967000000E-1
1.427500000E+5	1.487900000E+0	8.966000000E-1
1.430000000E+5	1.597100000E+0	8.966000000E-1
1.432500000E+5	1.627700000E+0	8.966000000E-1
1.435000000E+5	1.657800000E+0	8.966000000E-1
1.437500000E+5	1.671700000E+0	8.966000000E-1
1.440000000E+5	1.765600000E+0	8.966000000E-1
1.442500000E+5	1.774000000E+0	8.966000000E-1
1.445000000E+5	1.898700000E+0	8.967000000E-1
1.447500000E+5	1.852300000E+0	8.965000000E-1
1.450000000E+5	1.928100000E+0	8.967000000E-1
1.452500000E+5	1.956900000E+0	8.965000000E-1
1.455000000E+5	2.022000000E+0	8.966000000E-1
1.457500000E+5	2.109000000E+0	8.966000000E-1
1.460000000E+5	2.236000000E+0	8.966000000E-1
1.462500000E+5	2.201000000E+0	8.966000000E-1
1.465000000E+5	2.322000000E+0	8.967000000E-1
1.467500000E+5	2.391000000E+0	8.965000000E-1
1.470000000E+5	2.425000000E+0	8.967000000E-1
1.472500000E+5	2.420000000E+0	8.965000000E-1
1.475000000E+5	2.587000000E+0	8.967000000E-1
1.477500000E+5	2.576000000E+0	8.966000000E-1
1.480000000E+5	2.751000000E+0	8.966000000E-1
1.482500000E+5	2.807000000E+0	8.966000000E-1
1.485000000E+5	2.926000000E+0	8.966000000E-1
1.487500000E+5	2.931000000E+0	8.966000000E-1
1.490000000E+5	3.102000000E+0	8.966000000E-1
1.492500000E+5	3.289000000E+0	8.967000000E-1
1.495000000E+5	3.299000000E+0	8.967000000E-1
1.497500000E+5	3.437000000E+0	8.966000000E-1
1.500000000E+5	3.500000000E+0	8.966000000E-1
1.502500000E+5	3.740000000E+0	8.966000000E-1
1.505000000E+5	3.859000000E+0	8.966000000E-1
1.507500000E+5	4.010000000E+0	8.966000000E-1
1.510000000E+5	4.152000000E+0	8.966000000E-1
1.512500000E+5	4.325000000E+0	8.967000000E-1
1.515000000E+5	4.435000000E+0	8.966000000E-1
1.517500000E+5	4.658000000E+0	8.967000000E-1
1.520000000E+5	4.873000000E+0	8.966000000E-1
1.522500000E+5	5.114000000E+0	8.966000000E-1
1.525000000E+5	5.227000000E+0	8.966000000E-1
1.527500000E+5	5.547000000E+0	8.967000000E-1
1.530000000E+5	5.828000000E+0	8.966000000E-1
1.532500000E+5	6.060000000E+0	8.966000000E-1
1.535000000E+5	6.318000000E+0	8.966000000E-1
1.537500000E+5	6.654000000E+0	8.966000000E-1
1.540000000E+5	6.848000000E+0	8.966000000E-1
1.542500000E+5	7.221000000E+0	8.966000000E-1
1.545000000E+5	7.496000000E+0	8.966000000E-1
1.547500000E+5	7.932000000E+0	8.966000000E-1
1.550000000E+5	8.098000000E+0	8.966000000E-1
1.552500000E+5	8.802000000E+0	8.966000000E-1
1.555000000E+5	8.976000000E+0	8.965000000E-1
1.557500000E+5	9.511000000E+0	8.967000000E-1
1.560000000E+5	1.001900000E+1	8.965000000E-1
1.562500000E+5	1.054300000E+1	8.967000000E-1
1.565000000E+5	1.104100000E+1	8.966000000E-1
1.567500000E+5	1.166000000E+1	8.966000000E-1
1.570000000E+5	1.212800000E+1	8.965000000E-1
1.572500000E+5	1.256700000E+1	8.967000000E-1
1.575000000E+5	1.328000000E+1	8.966000000E-1
1.577500000E+5	1.376700000E+1	8.966000000E-1
1.580000000E+5	1.425100000E+1	8.966000000E-1
1.582500000E+5	1.425000000E+1	8.966000000E-1
1.585000000E+5	1.425000000E+1	8.966000000E-1
1.587500000E+5	1.425000000E+1	8.966000000E-1
1.590000000E+5	1.424900000E+1	8.966000000E-1
1.592500000E+5	1.425000000E+1	8.966000000E-1
1.595000000E+5	1.425000000E+1	8.966000000E-1
1.597500000E+5	1.424900000E+1	8.966000000E-1
1.600000000E+5	1.424900000E+1	8.966000000E-1
1.602500000E+5	1.424900000E+1	8.966000000E-1
1.605000000E+5	1.424900000E+1	8.966000000E-1
1.607500000E+5	1.424900000E+1	8.965000000E-1
1.610000000E+5	1.424900000E+1	8.967000000E-1
1.612500000E+5	1.424900000E+1	8.965000000E-1
1.615000000E+5	1.424900000E+1	8.966000000E-1
1.617500000E+5	1.424900000E+1	8.966000000E-1
1.620000000E+5	1.424900000E+1	8.966000000E-1
1.622500000E+5	1.424900000E+1	8.966000000E-1
1.625000000E+5	1.424900000E+1	8.966000000E-1
1.627500000E+5	1.424900000E+1	8.966000000E-1
1.630000000E+5	1.424900000E+1	8.966000000E-1
1.632500000E+5	1.424900000E+1	8.967000000E-1
1.635000000E+5	1.419800000E+1	8.965000000E-1
1.637500000E+5	1.357900000E+1	8.966000000E-1
1.640000000E+5	1.301000000E+1	8.965000000E-1
1.642500000E+5	1.236500000E+1	8.966000000E-1
1.645000000E+5	1.178000000E+1	8.966000000E-1
1.647500000E+5	1.121400000E+1	8.966000000E-1
1.650000000E+5	1.048600000E+1	8.966000000E-1
1.652500000E+5	9.981000000E+0	8.966000000E-1
1.655000000E+5	9.460000000E+0	8.966000000E-1
1.657500000E+5	8.998000000E+0	8.966000000E-1
1.660000000E+5	8.436000000E+0	8.965000000E-1
1.662500000E+5	8.170000000E+0	8.966000000E-1
1.665000000E+5	7.725000000E+0	8.965000000E-1
1.667500000E+5	7.402000000E+0	8.966000000E-1
1.670000000E+5	6.939000000E+0	8.966000000E-1
1.672500000E+5	6.703000000E+0	8.967000000E-1
1.675000000E+5	6.247000000E+0	8.965000000E-1
1.677500000E+5	5.841000000E+0	8.967000000E-1
1.680000000E+5	5.645000000E+0	8.965000000E-1
1.682500000E+5	5.375000000E+0	8.966000000E-1
1.685000000E+5	5.129000000E+0	8.966000000E-1
1.687500000E+5	4.906000000E+0	8.966000000E-1
1.690000000E+5	4.713000000E+0	8.966000000E-1
1.692500000E+5	4.509000000E+0	8.965000000E-1
1.695000000E+5	4.306000000E+0	8.966000000E-1
1.697500000E+5	4.124000000E+0	8.966000000E-1
1.700000000E+5	3.929000000E+0	8.966000000E-1
1.702500000E+5	3.721000000E+0	8.966000000E-1
1.705000000E+5	3.586000000E+0	8.966000000E-1
1.707500000E+5	3.446000000E+0	8.966000000E-1
1.710000000E+5	3.273000000E+0	8.966000000E-1
1.712500000E+5	3.136000000E+0	8.966000000E-1
1.715000000E+5	3.022000000E+0	8.966000000E-1
1.717500000E+5	2.921000000E+0	8.966000000E-1
1.720000000E+5	2.821000000E+0	8.966000000E-1
1.722500000E+5	2.671000000E+0	8.966000000E-1
1.725000000E+5	2.626000000E+0	8.966000000E-1
1.727500000E+5	2.526000000E+0	8.966000000E-1
1.730000000E+5	2.414000000E+0	8.966000000E-1
1.732500000E+5	2.389000000E+0	8.965000000E-1
1.735000000E+5	2.321000000E+0	8.966000000E-1
1.737500000E+5	2.301000000E+0	8.966000000E-1
1.740000000E+5	2.203000000E+0	8.966000000E-1
1.742500000E+5	2.060000000E+0	8.966000000E-1
1.745000000E+5	1.997000000E+0	8.966000000E-1
1.747500000E+5	1.948000000E+0	8.966000000E-1
1.750000000E+5	1.920000000E+0	8.966000000E-1
1.752500000E+5	1.871000000E+0	8.965000000E-1
1.755000000E+5	1.806000000E+0	8.966000000E-1
1.757500000E+5	1.744400000E+0	8.965000000E-1
1.760000000E+5	1.687400000E+0	8.967000000E-1
1.762500000E+5	1.630300000E+0	8.965000000E-1
1.765000000E+5	1.596200000E+0	8.967000000E-1
1.767500000E+5	1.510600000E+0	8.965000000E-1
1.770000000E+5	1.544600000E+0	8.967000000E-1
1.772500000E+5	1.511000000E+0	8.965000000E-1
1.775000000E+5	1.482100000E+0	8.966000000E-1
1.777500000E+5	1.331000000E+0	8.966000000E-1
1.780000000E+5	1.391100000E+0	8.965000000E-1
1.782500000E+5	1.333800000E+0	8.966000000E-1
1.785000000E+5	1.288100000E+0	8.966000000E-1
1.787500000E+5	1.320200000E+0	8.966000000E-1
1.790000000E+5	1.208600000E+0	8.966000000E-1
1.792500000E+5	1.254500000E+0	8.966000000E-1
1.795000000E+5	1.139000000E+0	8.966000000E-1
1.797500000E+5	1.240200000E+0	8.966000000E-1
1.800000000E+5	1.171500000E+0	8.965000000E-1
1.802500000E+5	1.124100000E+0	8.966000000E-1
1.805000000E+5	1.098100000E+0	8.966000000E-1
1.807500000E+5	1.063200000E+0	8.965000000E-1
1.810000000E+5	1.039300000E+0	8.966000000E-1
1.812500000E+5	1.058100000E+0	8.966000000E-1
1.815000000E+5	1.021100000E+0	8.966000000E-1
1.817500000E+5	9.801000000E-1	8.965000000E-1
1.820000000E+5	9.926000000E-1	8.966000000E-1
1.822500000E+5	9.546000000E-1	8.965000000E-1
1.825000000E+5	9.285000000E-1	8.966000000E-1
1.827500000E+5	9.237000000E-1	8.966000000E-1
1.830000000E+5	9.364000000E-1	8.966000000E-1
1.832500000E+5	9.135000000E-1	8.966000000E-1
1.835000000E+5	8.788000000E-1	8.966000000E-1
1.837500000E+5	8.325000000E-1	8.966000000E-1
1.840000000E+5	8.391000000E-1	8.966000000E-1
1.842500000E+5	8.176000000E-1	8.966000000E-1
1.845000000E+5	8.724000000E-1	8.966000000E-1
1.847500000E+5	7.972000000E-1	8.965000000E-1
1.850000000E+5	7.886000000E-1	8.967000000E-1
1.852500000E+5	8.204000000E-1	8.965000000E-1
1.855000000E+5	8.052000000E-1	8.967000000E-1
1.857500000E+5	7.623000000E-1	8.965000000E-1
1.860000000E+5	7.584000000E-1	8.966000000E-1
1.862500000E+5	7.746000000E-1	8.966000000E-1
1.865000000E+5	7.589000000E-1	8.965000000E-1
1.867500000E+5	7.592000000E-1	8.966000000E-1
1.870000000E+5	7.340000000E-1	8.965000000E-1
1.872500000E+5	7.025000000E-1	8.966000000E-1
