1.375000000E+5	3.900000000E-1	8.960000000E-1
1.377500000E+5	3.859000000E-1	8.958000000E-1
1.380000000E+5	3.975000000E-1	8.960000000E-1
1.382500000E+5	4.032000000E-1	8.958000000E-1
1.385000000E+5	4.284000000E-1	8.960000000E-1
1.387500000E+5	4.263000000E-1	8.958000000E-1
1.390000000E+5	4.493000000E-1	8.960000000E-1
1.392500000E+5	4.512000000E-1	8.958000000E-1
1.395000000E+5	4.851000000E-1	8.960000000E-1
1.397500000E+5	4.789000000E-1	8.958000000E-1
1.400000000E+5	4.920000000E-1	8.960000000E-1
1.402500000E+5	5.156000000E-1	8.958000000E-1
1.405000000E+5	5.185000000E-1	8.960000000E-1
1.407500000E+5	5.326000000E-1	8.958000000E-1
1.410000000E+5	5.670000000E-1	8.960000000E-1
1.412500000E+5	5.678000000E-1	8.958000000E-1
1.415000000E+5	5.858000000E-1	8.959000000E-1
1.417500000E+5	5.939000000E-1	8.959000000E-1
1.420000000E+5	6.079000000E-1	8.959000000E-1
1.422500000E+5	6.234000000E-1	8.958000000E-1
1.425000000E+5	6.296000000E-1	8.960000000E-1
1.427500000E+5	6.393000000E-1	8.959000000E-1
1.430000000E+5	6.585000000E-1	8.960000000E-1
1.432500000E+5	6.904000000E-1	8.958000000E-1
1.435000000E+5	6.960000000E-1	8.960000000E-1
1.437500000E+5	7.112000000E-1	8.958000000E-1
1.440000000E+5	7.295000000E-1	8.960000000E-1
1.442500000E+5	7.463000000E-1	8.958000000E-1
1.445000000E+5	7.845000000E-1	8.960000000E-1
1.447500000E+5	7.992000000E-1	8.959000000E-1
1.450000000E+5	8.116000000E-1	8.959000000E-1
1.452500000E+5	8.459000000E-1	8.959000000E-1
1.455000000E+5	8.692000000E-1	8.959000000E-1
1.457500000E+5	8.892000000E-1	8.960000000E-1
1.460000000E+5	9.118000000E-1	8.959000000E-1
1.462500000E+5	9.369000000E-1	8.960000000E-1
1.465000000E+5	9.511000000E-1	8.959000000E-1
1.467500000E+5	9.919000000E-1	8.959000000E-1
1.470000000E+5	1.003200000E+0	8.959000000E-1
1.472500000E+5	1.049400000E+0	8.960000000E-1
1.475000000E+5	1.084600000E+0	8.959000000E-1
1.477500000E+5	1.122300000E+0	8.960000000E-1
1.480000000E+5	1.149100000E+0	8.959000000E-1
1.482500000E+5	1.183600000E+0	8.960000000E-1
1.485000000E+5	1.234500000E+0	8.958000000E-1
1.487500000E+5	1.276100000E+0	8.959000000E-1
1.490000000E+5	1.322200000E+0	8.959000000E-1
1.492500000E+5	1.360900000E+0	8.960000000E-1
1.495000000E+5	1.423100000E+0	8.958000000E-1
1.497500000E+5	1.477100000E+0	8.960000000E-1
1.500000000E+5	1.530700000E+0	8.958000000E-1
1.502500000E+5	1.595400000E+0	8.960000000E-1
1.505000000E+5	1.635100000E+0	8.958000000E-1
1.507500000E+5	1.683000000E+0	8.960000000E-1
1.510000000E+5	1.742600000E+0	8.959000000E-1
1.512500000E+5	1.800900000E+0	8.959000000E-1
1.515000000E+5	1.857000000E+0	8.960000000E-1
1.517500000E+5	1.929700000E+0	8.959000000E-1
1.520000000E+5	1.993000000E+0	8.959000000E-1
1.522500000E+5	2.112000000E+0	8.960000000E-1
1.525000000E+5	2.182000000E+0	8.958000000E-1
1.527500000E+5	2.271000000E+0	8.960000000E-1
1.530000000E+5	2.351000000E+0	8.958000000E-1
1.532500000E+5	2.455000000E+0	8.961000000E-1
1.535000000E+5	2.570000000E+0	8.959000000E-1
1.537500000E+5	2.635000000E+0	8.959000000E-1
1.540000000E+5	2.735000000E+0	8.959000000E-1
1.542500000E+5	2.837000000E+0	8.959000000E-1
1.545000000E+5	2.980000000E+0	8.960000000E-1
1.547500000E+5	3.099000000E+0	8.959000000E-1
1.550000000E+5	3.224000000E+0	8.960000000E-1
1.552500000E+5	3.368000000E+0	8.959000000E-1
1.555000000E+5	3.523000000E+0	8.959000000E-1
1.557500000E+5	3.674000000E+0	8.959000000E-1
1.560000000E+5	3.832000000E+0	8.959000000E-1
1.562500000E+5	4.003000000E+0	8.959000000E-1
1.565000000E+5	4.133000000E+0	8.959000000E-1
1.567500000E+5	4.253000000E+0	8.959000000E-1
1.570000000E+5	4.442000000E+0	8.959000000E-1
1.572500000E+5	4.584000000E+0	8.959000000E-1
1.575000000E+5	4.755000000E+0	8.960000000E-1
1.577500000E+5	4.925000000E+0	8.959000000E-1
1.580000000E+5	5.083000000E+0	8.960000000E-1
1.582500000E+5	5.224000000E+0	8.960000000E-1
1.585000000E+5	5.391000000E+0	8.960000000E-1
1.587500000E+5	5.529000000E+0	8.958000000E-1
1.590000000E+5	5.686000000E+0	8.960000000E-1
1.592500000E+5	5.798000000E+0	8.959000000E-1
1.595000000E+5	5.892000000E+0	8.960000000E-1
1.597500000E+5	5.964000000E+0	8.958000000E-1
1.600000000E+5	6.102000000E+0	8.960000000E-1
1.602500000E+5	6.120000000E+0	8.959000000E-1
1.605000000E+5	6.166000000E+0	8.960000000E-1
1.607500000E+5	6.187000000E+0	8.959000000E-1
1.610000000E+5	6.201000000E+0	8.960000000E-1
1.612500000E+5	6.195000000E+0	8.958000000E-1
1.615000000E+5	6.117000000E+0	8.960000000E-1
1.617500000E+5	6.040000000E+0	8.958000000E-1
1.620000000E+5	5.947000000E+0	8.960000000E-1
1.622500000E+5	5.802000000E+0	8.958000000E-1
1.625000000E+5	5.669000000E+0	8.960000000E-1
1.627500000E+5	5.509000000E+0	8.958000000E-1
1.630000000E+5	5.310000000E+0	8.960000000E-1
1.632500000E+5	5.124000000E+0	8.959000000E-1
1.635000000E+5	4.934000000E+0	8.960000000E-1
1.637500000E+5	4.695000000E+0	8.959000000E-1
1.640000000E+5	4.523000000E+0	8.960000000E-1
1.642500000E+5	4.315000000E+0	8.959000000E-1
1.645000000E+5	4.148000000E+0	8.960000000E-1
1.647500000E+5	3.931000000E+0	8.959000000E-1
1.650000000E+5	3.767000000E+0	8.960000000E-1
1.652500000E+5	3.578000000E+0	8.958000000E-1
1.655000000E+5	3.393000000E+0	8.961000000E-1
1.657500000E+5	3.224000000E+0	8.959000000E-1
1.660000000E+5	3.080000000E+0	8.960000000E-1
1.662500000E+5	2.950000000E+0	8.959000000E-1
1.665000000E+5	2.815000000E+0	8.960000000E-1
1.667500000E+5	2.658000000E+0	8.960000000E-1
1.670000000E+5	2.559000000E+0	8.960000000E-1
1.672500000E+5	2.391000000E+0	8.959000000E-1
1.675000000E+5	2.298000000E+0	8.960000000E-1
1.677500000E+5	2.192000000E+0	8.959000000E-1
1.680000000E+5	2.081000000E+0	8.960000000E-1
1.682500000E+5	1.971000000E+0	8.958000000E-1
1.685000000E+5	1.889000000E+0	8.960000000E-1
1.687500000E+5	1.796800000E+0	8.960000000E-1
1.690000000E+5	1.735400000E+0	8.959000000E-1
1.692500000E+5	1.660200000E+0	8.960000000E-1
1.695000000E+5	1.589600000E+0	8.959000000E-1
1.697500000E+5	1.536300000E+0	8.959000000E-1
1.700000000E+5	1.467300000E+0	8.959000000E-1
1.702500000E+5	1.406100000E+0	8.960000000E-1
1.705000000E+5	1.341400000E+0	8.959000000E-1
1.707500000E+5	1.309800000E+0	8.960000000E-1
1.710000000E+5	1.243200000E+0	8.959000000E-1
1.712500000E+5	1.198800000E+0	8.959000000E-1
1.715000000E+5	1.172100000E+0	8.959000000E-1
1.717500000E+5	1.116700000E+0	8.959000000E-1
1.720000000E+5	1.070900000E+0	8.960000000E-1
1.722500000E+5	1.039500000E+0	8.959000000E-1
1.725000000E+5	9.988000000E-1	8.960000000E-1
1.727500000E+5	9.470000000E-1	8.959000000E-1
1.730000000E+5	9.100000000E-1	8.960000000E-1
1.732500000E+5	8.952000000E-1	8.959000000E-1
1.735000000E+5	8.634000000E-1	8.960000000E-1
1.737500000E+5	8.314000000E-1	8.959000000E-1
1.740000000E+5	8.079000000E-1	8.960000000E-1
1.742500000E+5	7.880000000E-1	8.959000000E-1
1.745000000E+5	7.706000000E-1	8.960000000E-1
1.747500000E+5	7.400000000E-1	8.959000000E-1
1.750000000E+5	7.216000000E-1	8.960000000E-1
1.752500000E+5	7.038000000E-1	8.959000000E-1
1.755000000E+5	6.758000000E-1	8.960000000E-1
1.757500000E+5	6.603000000E-1	8.959000000E-1
1.760000000E+5	6.397000000E-1	8.960000000E-1
1.762500000E+5	6.226000000E-1	8.959000000E-1
1.765000000E+5	6.166000000E-1	8.960000000E-1
1.767500000E+5	6.079000000E-1	8.959000000E-1
1.770000000E+5	5.964000000E-1	8.960000000E-1
1.772500000E+5	5.692000000E-1	8.958000000E-1
1.775000000E+5	5.662000000E-1	8.961000000E-1
1.777500000E+5	5.462000000E-1	8.958000000E-1
1.780000000E+5	5.298000000E-1	8.960000000E-1
1.782500000E+5	5.251000000E-1	8.959000000E-1
1.785000000E+5	5.076000000E-1	8.961000000E-1
1.787500000E+5	4.949000000E-1	8.958000000E-1
1.790000000E+5	4.713000000E-1	8.961000000E-1
1.792500000E+5	4.733000000E-1	8.959000000E-1
1.795000000E+5	4.498000000E-1	8.960000000E-1
1.797500000E+5	4.351000000E-1	8.959000000E-1
1.800000000E+5	4.502000000E-1	8.960000000E-1
1.802500000E+5	4.189000000E-1	8.959000000E-1
1.805000000E+5	4.366000000E-1	8.960000000E-1
1.807500000E+5	3.983000000E-1	8.960000000E-1
1.810000000E+5	4.179000000E-1	8.960000000E-1
1.812500000E+5	4.223000000E-1	8.960000000E-1
1.815000000E+5	3.959000000E-1	8.960000000E-1
1.817500000E+5	3.846000000E-1	8.959000000E-1
1.820000000E+5	3.879000000E-1	8.959000000E-1
1.822500000E+5	3.782000000E-1	8.959000000E-1
1.825000000E+5	3.689000000E-1	8.959000000E-1
1.827500000E+5	3.600000000E-1	8.959000000E-1
1.830000000E+5	3.450000000E-1	8.960000000E-1
1.832500000E+5	3.373000000E-1	8.959000000E-1
1.835000000E+5	3.318000000E-1	8.960000000E-1
1.837500000E+5	3.384000000E-1	8.959000000E-1
1.840000000E+5	3.219000000E-1	8.960000000E-1
1.842500000E+5	3.294000000E-1	8.959000000E-1
1.845000000E+5	3.246000000E-1	8.959000000E-1
1.847500000E+5	3.220000000E-1	8.959000000E-1
1.850000000E+5	3.033000000E-1	8.960000000E-1
1.852500000E+5	3.085000000E-1	8.959000000E-1
1.855000000E+5	2.976000000E-1	8.960000000E-1
1.857500000E+5	2.862000000E-1	8.959000000E-1
1.860000000E+5	2.865000000E-1	8.960000000E-1
1.862500000E+5	2.891000000E-1	8.959000000E-1
1.865000000E+5	2.820000000E-1	8.959000000E-1
1.867500000E+5	2.779000000E-1	8.960000000E-1
1.870000000E+5	2.793000000E-1	8.958000000E-1
1.872500000E+5	2.686000000E-1	8.959000000E-1
