1.325000000E+5	1.981400000E+0	8.934000000E-1
1.328000000E+5	2.188000000E+0	8.933000000E-1
1.331000000E+5	2.252000000E+0	8.936000000E-1
1.334000000E+5	2.157000000E+0	8.933000000E-1
1.337000000E+5	2.482000000E+0	8.935000000E-1
1.340000000E+5	2.317000000E+0	8.933000000E-1
1.343000000E+5	2.386000000E+0	8.935000000E-1
1.346000000E+5	2.356000000E+0	8.934000000E-1
1.349000000E+5	2.472000000E+0	8.935000000E-1
1.352000000E+5	2.357000000E+0	8.934000000E-1
1.355000000E+5	2.481000000E+0	8.935000000E-1
1.358000000E+5	2.601000000E+0	8.934000000E-1
1.361000000E+5	2.691000000E+0	8.935000000E-1
1.364000000E+5	2.774000000E+0	8.934000000E-1
1.367000000E+5	2.850000000E+0	8.934000000E-1
1.370000000E+5	3.011000000E+0	8.935000000E-1
1.373000000E+5	2.987000000E+0	8.934000000E-1
1.376000000E+5	3.083000000E+0	8.936000000E-1
1.379000000E+5	3.082000000E+0	8.934000000E-1
1.382000000E+5	3.075000000E+0	8.935000000E-1
1.385000000E+5	3.149000000E+0	8.934000000E-1
1.388000000E+5	3.262000000E+0	8.935000000E-1
1.391000000E+5	3.294000000E+0	8.934000000E-1
1.394000000E+5	3.489000000E+0	8.935000000E-1
1.397000000E+5	3.643000000E+0	8.934000000E-1
1.400000000E+5	3.704000000E+0	8.935000000E-1
1.403000000E+5	3.797000000E+0	8.934000000E-1
1.406000000E+5	3.833000000E+0	8.935000000E-1
1.409000000E+5	3.883000000E+0	8.934000000E-1
1.412000000E+5	4.186000000E+0	8.934000000E-1
1.415000000E+5	4.380000000E+0	8.934000000E-1
1.418000000E+5	4.345000000E+0	8.935000000E-1
1.421000000E+5	4.356000000E+0	8.934000000E-1
1.424000000E+5	4.472000000E+0	8.935000000E-1
1.427000000E+5	4.508000000E+0	8.934000000E-1
1.430000000E+5	4.841000000E+0	8.935000000E-1
1.433000000E+5	4.904000000E+0	8.934000000E-1
1.436000000E+5	5.157000000E+0	8.935000000E-1
1.439000000E+5	5.370000000E+0	8.934000000E-1
1.442000000E+5	5.548000000E+0	8.934000000E-1
1.445000000E+5	5.848000000E+0	8.934000000E-1
1.448000000E+5	5.664000000E+0	8.935000000E-1
1.451000000E+5	5.809000000E+0	8.936000000E-1
1.454000000E+5	6.079000000E+0	8.933000000E-1
1.457000000E+5	6.274000000E+0	8.936000000E-1
1.460000000E+5	6.557000000E+0	8.933000000E-1
1.463000000E+5	6.784000000E+0	8.936000000E-1
1.466000000E+5	6.840000000E+0	8.934000000E-1
1.469000000E+5	7.064000000E+0	8.935000000E-1
1.472000000E+5	7.243000000E+0	8.935000000E-1
1.475000000E+5	7.562000000E+0	8.935000000E-1
1.478000000E+5	7.601000000E+0	8.934000000E-1
1.481000000E+5	7.630000000E+0	8.935000000E-1
1.484000000E+5	7.994000000E+0	8.934000000E-1
1.487000000E+5	8.225000000E+0	8.935000000E-1
1.490000000E+5	8.435000000E+0	8.934000000E-1
1.493000000E+5	8.812000000E+0	8.934000000E-1
1.496000000E+5	9.133000000E+0	8.934000000E-1
1.499000000E+5	9.377000000E+0	8.935000000E-1
1.502000000E+5	9.437000000E+0	8.934000000E-1
1.505000000E+5	9.615000000E+0	8.935000000E-1
1.508000000E+5	9.804000000E+0	8.934000000E-1
1.511000000E+5	9.927000000E+0	8.935000000E-1
1.514000000E+5	1.031200000E+1	8.934000000E-1
1.517000000E+5	1.058800000E+1	8.935000000E-1
1.520000000E+5	1.082900000E+1	8.934000000E-1
1.523000000E+5	1.101200000E+1	8.935000000E-1
1.526000000E+5	1.109700000E+1	8.934000000E-1
1.529000000E+5	1.143300000E+1	8.935000000E-1
1.532000000E+5	1.150500000E+1	8.935000000E-1
1.535000000E+5	1.173100000E+1	8.935000000E-1
1.538000000E+5	1.200600000E+1	8.935000000E-1
1.541000000E+5	1.222500000E+1	8.934000000E-1
1.544000000E+5	1.254400000E+1	8.936000000E-1
1.547000000E+5	1.258200000E+1	8.934000000E-1
1.550000000E+5	1.271300000E+1	8.936000000E-1
1.553000000E+5	1.289500000E+1	8.934000000E-1
1.556000000E+5	1.298400000E+1	8.935000000E-1
1.559000000E+5	1.291200000E+1	8.934000000E-1
1.562000000E+5	1.317800000E+1	8.935000000E-1
1.565000000E+5	1.309300000E+1	8.934000000E-1
1.568000000E+5	1.337200000E+1	8.936000000E-1
1.571000000E+5	1.329400000E+1	8.934000000E-1
1.574000000E+5	1.321900000E+1	8.936000000E-1
1.577000000E+5	1.318600000E+1	8.934000000E-1
1.580000000E+5	1.317800000E+1	8.936000000E-1
1.583000000E+5	1.304600000E+1	8.934000000E-1
1.586000000E+5	1.296200000E+1	8.936000000E-1
1.589000000E+5	1.292000000E+1	8.934000000E-1
1.592000000E+5	1.285100000E+1	8.935000000E-1
1.595000000E+5	1.247600000E+1	8.934000000E-1
1.598000000E+5	1.259300000E+1	8.935000000E-1
1.601000000E+5	1.228700000E+1	8.935000000E-1
1.604000000E+5	1.238400000E+1	8.935000000E-1
1.607000000E+5	1.196400000E+1	8.935000000E-1
1.610000000E+5	1.211700000E+1	8.935000000E-1
1.613000000E+5	1.179600000E+1	8.935000000E-1
1.616000000E+5	1.163300000E+1	8.935000000E-1
1.619000000E+5	1.148800000E+1	8.935000000E-1
1.622000000E+5	1.138700000E+1	8.935000000E-1
1.625000000E+5	1.123300000E+1	8.934000000E-1
1.628000000E+5	1.118800000E+1	8.935000000E-1
1.631000000E+5	1.067600000E+1	8.935000000E-1
1.634000000E+5	1.063300000E+1	8.935000000E-1
1.637000000E+5	1.037100000E+1	8.935000000E-1
1.640000000E+5	1.025900000E+1	8.935000000E-1
1.643000000E+5	9.647000000E+0	8.935000000E-1
1.646000000E+5	9.332000000E+0	8.935000000E-1
1.649000000E+5	9.160000000E+0	8.934000000E-1
1.652000000E+5	9.005000000E+0	8.935000000E-1
1.655000000E+5	8.416000000E+0	8.934000000E-1
1.658000000E+5	8.496000000E+0	8.935000000E-1
1.661000000E+5	8.170000000E+0	8.934000000E-1
1.664000000E+5	7.869000000E+0	8.935000000E-1
1.667000000E+5	7.685000000E+0	8.934000000E-1
1.670000000E+5	7.295000000E+0	8.935000000E-1
1.673000000E+5	7.055000000E+0	8.934000000E-1
1.676000000E+5	6.945000000E+0	8.935000000E-1
1.679000000E+5	6.598000000E+0	8.934000000E-1
1.682000000E+5	6.278000000E+0	8.935000000E-1
1.685000000E+5	6.184000000E+0	8.934000000E-1
1.688000000E+5	6.017000000E+0	8.935000000E-1
1.691000000E+5	5.776000000E+0	8.935000000E-1
1.694000000E+5	5.589000000E+0	8.935000000E-1
1.697000000E+5	5.213000000E+0	8.935000000E-1
1.700000000E+5	5.005000000E+0	8.935000000E-1
1.703000000E+5	5.007000000E+0	8.935000000E-1
1.706000000E+5	4.897000000E+0	8.934000000E-1
1.709000000E+5	4.739000000E+0	8.935000000E-1
1.712000000E+5	4.565000000E+0	8.934000000E-1
1.715000000E+5	4.334000000E+0	8.934000000E-1
1.718000000E+5	4.175000000E+0	8.935000000E-1
1.721000000E+5	3.954000000E+0	8.936000000E-1
1.724000000E+5	3.846000000E+0	8.934000000E-1
1.727000000E+5	3.793000000E+0	8.935000000E-1
1.730000000E+5	3.711000000E+0	8.934000000E-1
1.733000000E+5	3.640000000E+0	8.935000000E-1
1.736000000E+5	3.537000000E+0	8.934000000E-1
1.739000000E+5	3.426000000E+0	8.936000000E-1
1.742000000E+5	3.402000000E+0	8.935000000E-1
1.745000000E+5	3.285000000E+0	8.935000000E-1
1.748000000E+5	3.135000000E+0	8.935000000E-1
1.751000000E+5	3.115000000E+0	8.935000000E-1
1.754000000E+5	2.942000000E+0	8.935000000E-1
1.757000000E+5	3.021000000E+0	8.935000000E-1
1.760000000E+5	2.902000000E+0	8.934000000E-1
1.763000000E+5	2.773000000E+0	8.935000000E-1
1.766000000E+5	2.714000000E+0	8.935000000E-1
1.769000000E+5	2.690000000E+0	8.935000000E-1
1.772000000E+5	2.529000000E+0	8.935000000E-1
1.775000000E+5	2.525000000E+0	8.935000000E-1
1.778000000E+5	2.461000000E+0	8.934000000E-1
1.781000000E+5	2.456000000E+0	8.935000000E-1
1.784000000E+5	2.383000000E+0	8.935000000E-1
1.787000000E+5	2.418000000E+0	8.935000000E-1
1.790000000E+5	2.208000000E+0	8.935000000E-1
1.793000000E+5	2.300000000E+0	8.935000000E-1
1.796000000E+5	2.211000000E+0	8.934000000E-1
1.799000000E+5	2.228000000E+0	8.935000000E-1
1.802000000E+5	2.153000000E+0	8.934000000E-1
1.805000000E+5	2.024000000E+0	8.935000000E-1
1.808000000E+5	2.089000000E+0	8.934000000E-1
1.811000000E+5	1.969000000E+0	8.935000000E-1
1.814000000E+5	2.022000000E+0	8.934000000E-1
1.817000000E+5	1.885000000E+0	8.935000000E-1
1.820000000E+5	1.977000000E+0	8.934000000E-1
1.823000000E+5	1.987000000E+0	8.935000000E-1
1.826000000E+5	1.874000000E+0	8.934000000E-1
1.829000000E+5	1.905000000E+0	8.935000000E-1
1.832000000E+5	1.750900000E+0	8.934000000E-1
1.835000000E+5	1.770300000E+0	8.936000000E-1
1.838000000E+5	1.654200000E+0	8.934000000E-1
1.841000000E+5	1.661300000E+0	8.936000000E-1
1.844000000E+5	1.695500000E+0	8.934000000E-1
1.847000000E+5	1.730300000E+0	8.935000000E-1
1.850000000E+5	1.536300000E+0	8.934000000E-1
1.853000000E+5	1.647100000E+0	8.936000000E-1
1.856000000E+5	1.498700000E+0	8.934000000E-1
1.859000000E+5	1.611100000E+0	8.936000000E-1
1.862000000E+5	1.650000000E+0	8.934000000E-1
1.865000000E+5	1.571100000E+0	8.936000000E-1
1.868000000E+5	1.514400000E+0	8.934000000E-1
1.871000000E+5	1.532000000E+0	8.936000000E-1
1.874000000E+5	1.401100000E+0	8.934000000E-1
1.877000000E+5	1.433100000E+0	8.935000000E-1
1.880000000E+5	1.498300000E+0	8.934000000E-1
1.883000000E+5	1.451700000E+0	8.934000000E-1
1.886000000E+5	1.420300000E+0	8.935000000E-1
1.889000000E+5	1.398100000E+0	8.934000000E-1
1.892000000E+5	1.354600000E+0	8.935000000E-1
1.895000000E+5	1.342300000E+0	8.934000000E-1
1.898000000E+5	1.372900000E+0	8.935000000E-1
1.901000000E+5	1.425800000E+0	8.935000000E-1
1.904000000E+5	1.348300000E+0	8.935000000E-1
1.907000000E+5	1.345700000E+0	8.935000000E-1
1.910000000E+5	1.356700000E+0	8.935000000E-1
1.913000000E+5	1.300900000E+0	8.934000000E-1
1.916000000E+5	1.416300000E+0	8.935000000E-1
1.919000000E+5	1.357300000E+0	8.934000000E-1
1.922000000E+5	1.341500000E+0	8.936000000E-1
