1.475000000E+5	1.368500000E-1	8.992000000E-1
1.477000000E+5	1.314100000E-1	8.992000000E-1
1.479000000E+5	1.308300000E-1	8.992000000E-1
1.481000000E+5	1.272500000E-1	8.992000000E-1
1.483000000E+5	1.491800000E-1	8.993000000E-1
1.485000000E+5	1.445000000E-1	8.991000000E-1
1.487000000E+5	1.453200000E-1	8.993000000E-1
1.489000000E+5	1.479900000E-1	8.991000000E-1
1.491000000E+5	1.577800000E-1	8.993000000E-1
1.493000000E+5	1.668000000E-1	8.992000000E-1
1.495000000E+5	1.677400000E-1	8.993000000E-1
1.497000000E+5	1.632600000E-1	8.991000000E-1
1.499000000E+5	1.773400000E-1	8.993000000E-1
1.501000000E+5	1.812600000E-1	8.991000000E-1
1.503000000E+5	1.798300000E-1	8.993000000E-1
1.505000000E+5	1.898000000E-1	8.992000000E-1
1.507000000E+5	2.027000000E-1	8.992000000E-1
1.509000000E+5	2.212000000E-1	8.992000000E-1
1.511000000E+5	2.248000000E-1	8.992000000E-1
1.513000000E+5	2.262000000E-1	8.991000000E-1
1.515000000E+5	2.363000000E-1	8.992000000E-1
1.517000000E+5	2.342000000E-1	8.992000000E-1
1.519000000E+5	2.560000000E-1	8.992000000E-1
1.521000000E+5	2.540000000E-1	8.992000000E-1
1.523000000E+5	2.657000000E-1	8.992000000E-1
1.525000000E+5	2.722000000E-1	8.992000000E-1
1.527000000E+5	2.870000000E-1	8.993000000E-1
1.529000000E+5	2.984000000E-1	8.992000000E-1
1.531000000E+5	3.157000000E-1	8.993000000E-1
1.533000000E+5	3.171000000E-1	8.991000000E-1
1.535000000E+5	3.347000000E-1	8.993000000E-1
1.537000000E+5	3.483000000E-1	8.991000000E-1
1.539000000E+5	3.708000000E-1	8.993000000E-1
1.541000000E+5	3.822000000E-1	8.991000000E-1
1.543000000E+5	4.165000000E-1	8.993000000E-1
1.545000000E+5	4.317000000E-1	8.991000000E-1
1.547000000E+5	4.575000000E-1	8.992000000E-1
1.549000000E+5	4.766000000E-1	8.993000000E-1
1.551000000E+5	5.028000000E-1	8.992000000E-1
1.553000000E+5	5.208000000E-1	8.991000000E-1
1.555000000E+5	5.629000000E-1	8.993000000E-1
1.557000000E+5	5.834000000E-1	8.992000000E-1
1.559000000E+5	6.289000000E-1	8.993000000E-1
1.561000000E+5	6.664000000E-1	8.992000000E-1
1.563000000E+5	7.158000000E-1	8.991000000E-1
1.565000000E+5	7.580000000E-1	8.992000000E-1
1.567000000E+5	8.007000000E-1	8.992000000E-1
1.569000000E+5	8.866000000E-1	8.992000000E-1
1.571000000E+5	9.629000000E-1	8.992000000E-1
1.573000000E+5	1.037300000E+0	8.992000000E-1
1.575000000E+5	1.103400000E+0	8.992000000E-1
1.577000000E+5	1.210700000E+0	8.992000000E-1
1.579000000E+5	1.302200000E+0	8.991000000E-1
1.581000000E+5	1.428000000E+0	8.992000000E-1
1.583000000E+5	1.554900000E+0	8.992000000E-1
1.585000000E+5	1.712200000E+0	8.992000000E-1
1.587000000E+5	1.863500000E+0	8.991000000E-1
1.589000000E+5	2.045000000E+0	8.991000000E-1
1.591000000E+5	2.293000000E+0	8.992000000E-1
1.593000000E+5	2.533000000E+0	8.992000000E-1
1.595000000E+5	2.825000000E+0	8.991000000E-1
1.597000000E+5	3.119000000E+0	8.992000000E-1
1.599000000E+5	3.473000000E+0	8.992000000E-1
1.601000000E+5	3.822000000E+0	8.992000000E-1
1.603000000E+5	4.213000000E+0	8.992000000E-1
1.605000000E+5	4.591000000E+0	8.992000000E-1
1.607000000E+5	4.939000000E+0	8.992000000E-1
1.609000000E+5	5.284000000E+0	8.992000000E-1
1.611000000E+5	5.600000000E+0	8.992000000E-1
1.613000000E+5	5.878000000E+0	8.992000000E-1
1.615000000E+5	6.078000000E+0	8.991000000E-1
1.617000000E+5	6.289000000E+0	8.992000000E-1
1.619000000E+5	6.439000000E+0	8.992000000E-1
1.621000000E+5	6.475000000E+0	8.992000000E-1
1.623000000E+5	6.517000000E+0	8.991000000E-1
1.625000000E+5	6.481000000E+0	8.992000000E-1
1.627000000E+5	6.330000000E+0	8.991000000E-1
1.629000000E+5	6.195000000E+0	8.992000000E-1
1.631000000E+5	5.937000000E+0	8.991000000E-1
1.633000000E+5	5.596000000E+0	8.992000000E-1
1.635000000E+5	5.195000000E+0	8.991000000E-1
1.637000000E+5	4.751000000E+0	8.992000000E-1
1.639000000E+5	4.313000000E+0	8.991000000E-1
1.641000000E+5	3.855000000E+0	8.992000000E-1
1.643000000E+5	3.462000000E+0	8.992000000E-1
1.645000000E+5	3.084000000E+0	8.992000000E-1
1.647000000E+5	2.730000000E+0	8.992000000E-1
1.649000000E+5	2.426000000E+0	8.992000000E-1
1.651000000E+5	2.178000000E+0	8.992000000E-1
1.653000000E+5	1.999000000E+0	8.992000000E-1
1.655000000E+5	1.798000000E+0	8.992000000E-1
1.657000000E+5	1.640200000E+0	8.992000000E-1
1.659000000E+5	1.473900000E+0	8.991000000E-1
1.661000000E+5	1.351800000E+0	8.992000000E-1
1.663000000E+5	1.245900000E+0	8.991000000E-1
1.665000000E+5	1.139200000E+0	8.992000000E-1
1.667000000E+5	1.053700000E+0	8.992000000E-1
1.669000000E+5	9.765000000E-1	8.992000000E-1
1.671000000E+5	8.912000000E-1	8.992000000E-1
1.673000000E+5	8.373000000E-1	8.992000000E-1
1.675000000E+5	7.597000000E-1	8.992000000E-1
1.677000000E+5	7.307000000E-1	8.992000000E-1
1.679000000E+5	6.729000000E-1	8.992000000E-1
1.681000000E+5	6.285000000E-1	8.992000000E-1
1.683000000E+5	5.869000000E-1	8.992000000E-1
1.685000000E+5	5.567000000E-1	8.992000000E-1
1.687000000E+5	5.232000000E-1	8.992000000E-1
1.689000000E+5	4.924000000E-1	8.992000000E-1
1.691000000E+5	4.694000000E-1	8.992000000E-1
1.693000000E+5	4.622000000E-1	8.992000000E-1
1.695000000E+5	4.114000000E-1	8.991000000E-1
1.697000000E+5	4.167000000E-1	8.992000000E-1
1.699000000E+5	3.832000000E-1	8.992000000E-1
1.701000000E+5	3.646000000E-1	8.993000000E-1
1.703000000E+5	3.489000000E-1	8.991000000E-1
1.705000000E+5	3.258000000E-1	8.993000000E-1
1.707000000E+5	3.185000000E-1	8.991000000E-1
1.709000000E+5	3.061000000E-1	8.992000000E-1
1.711000000E+5	2.938000000E-1	8.992000000E-1
1.713000000E+5	2.845000000E-1	8.991000000E-1
1.715000000E+5	2.610000000E-1	8.992000000E-1
1.717000000E+5	2.591000000E-1	8.992000000E-1
1.719000000E+5	2.404000000E-1	8.991000000E-1
1.721000000E+5	2.335000000E-1	8.991000000E-1
1.723000000E+5	2.246000000E-1	8.992000000E-1
1.725000000E+5	2.201000000E-1	8.991000000E-1
1.727000000E+5	2.192000000E-1	8.992000000E-1
1.729000000E+5	2.034000000E-1	8.992000000E-1
1.731000000E+5	1.953000000E-1	8.992000000E-1
1.733000000E+5	1.899000000E-1	8.991000000E-1
1.735000000E+5	1.839000000E-1	8.992000000E-1
1.737000000E+5	1.751000000E-1	8.991000000E-1
1.739000000E+5	1.769100000E-1	8.992000000E-1
1.741000000E+5	1.594800000E-1	8.991000000E-1
1.743000000E+5	1.470500000E-1	8.992000000E-1
1.745000000E+5	1.457900000E-1	8.992000000E-1
1.747000000E+5	1.567200000E-1	8.992000000E-1
1.749000000E+5	1.509400000E-1	8.991000000E-1
1.751000000E+5	1.448300000E-1	8.992000000E-1
1.753000000E+5	1.474200000E-1	8.991000000E-1
1.755000000E+5	1.273300000E-1	8.992000000E-1
1.757000000E+5	1.371400000E-1	8.991000000E-1
1.759000000E+5	1.217300000E-1	8.992000000E-1
1.761000000E+5	1.214800000E-1	8.991000000E-1
1.763000000E+5	1.248600000E-1	8.991000000E-1
1.765000000E+5	1.191100000E-1	8.992000000E-1
1.767000000E+5	1.210400000E-1	8.991000000E-1
1.769000000E+5	1.062700000E-1	8.993000000E-1
1.771000000E+5	1.030200000E-1	8.991000000E-1
1.773000000E+5	1.014200000E-1	8.992000000E-1
