1.475000000E+5	2.035000000E+0	8.976000000E-1
1.477000000E+5	2.089000000E+0	8.975000000E-1
1.479000000E+5	2.130000000E+0	8.976000000E-1
1.481000000E+5	2.189000000E+0	8.976000000E-1
1.483000000E+5	2.244000000E+0	8.976000000E-1
1.485000000E+5	2.282000000E+0	8.975000000E-1
1.487000000E+5	2.343000000E+0	8.977000000E-1
1.489000000E+5	2.393000000E+0	8.975000000E-1
1.491000000E+5	2.453000000E+0	8.977000000E-1
1.493000000E+5	2.473000000E+0	8.975000000E-1
1.495000000E+5	2.552000000E+0	8.976000000E-1
1.497000000E+5	2.625000000E+0	8.976000000E-1
1.499000000E+5	2.673000000E+0	8.975000000E-1
1.501000000E+5	2.737000000E+0	8.976000000E-1
1.503000000E+5	2.807000000E+0	8.976000000E-1
1.505000000E+5	2.891000000E+0	8.976000000E-1
1.507000000E+5	2.939000000E+0	8.975000000E-1
1.509000000E+5	3.010000000E+0	8.976000000E-1
1.511000000E+5	3.094000000E+0	8.975000000E-1
1.513000000E+5	3.165000000E+0	8.976000000E-1
1.515000000E+5	3.233000000E+0	8.975000000E-1
1.517000000E+5	3.303000000E+0	8.976000000E-1
1.519000000E+5	3.389000000E+0	8.975000000E-1
1.521000000E+5	3.461000000E+0	8.976000000E-1
1.523000000E+5	3.558000000E+0	8.975000000E-1
1.525000000E+5	3.642000000E+0	8.976000000E-1
1.527000000E+5	3.756000000E+0	8.976000000E-1
1.529000000E+5	3.873000000E+0	8.976000000E-1
1.531000000E+5	3.940000000E+0	8.975000000E-1
1.533000000E+5	4.041000000E+0	8.976000000E-1
1.535000000E+5	4.181000000E+0	8.976000000E-1
1.537000000E+5	4.290000000E+0	8.976000000E-1
1.539000000E+5	4.412000000E+0	8.975000000E-1
1.541000000E+5	4.537000000E+0	8.977000000E-1
1.543000000E+5	4.673000000E+0	8.976000000E-1
1.545000000E+5	4.801000000E+0	8.977000000E-1
1.547000000E+5	4.897000000E+0	8.976000000E-1
1.549000000E+5	5.062000000E+0	8.976000000E-1
1.551000000E+5	5.201000000E+0	8.976000000E-1
1.553000000E+5	5.340000000E+0	8.975000000E-1
1.555000000E+5	5.502000000E+0	8.976000000E-1
1.557000000E+5	5.646000000E+0	8.975000000E-1
1.559000000E+5	5.803000000E+0	8.976000000E-1
1.561000000E+5	5.963000000E+0	8.975000000E-1
1.563000000E+5	6.126000000E+0	8.976000000E-1
1.565000000E+5	6.330000000E+0	8.976000000E-1
1.567000000E+5	6.465000000E+0	8.976000000E-1
1.569000000E+5	6.625000000E+0	8.974000000E-1
1.571000000E+5	6.811000000E+0	8.977000000E-1
1.573000000E+5	6.975000000E+0	8.976000000E-1
1.575000000E+5	7.201000000E+0	8.976000000E-1
1.577000000E+5	7.349000000E+0	8.975000000E-1
1.579000000E+5	7.519000000E+0	8.976000000E-1
1.581000000E+5	7.750000000E+0	8.976000000E-1
1.583000000E+5	7.908000000E+0	8.975000000E-1
1.585000000E+5	8.094000000E+0	8.976000000E-1
1.587000000E+5	8.283000000E+0	8.975000000E-1
1.589000000E+5	8.472000000E+0	8.976000000E-1
1.591000000E+5	8.608000000E+0	8.975000000E-1
1.593000000E+5	8.859000000E+0	8.976000000E-1
1.595000000E+5	8.975000000E+0	8.975000000E-1
1.597000000E+5	9.150000000E+0	8.976000000E-1
1.599000000E+5	9.282000000E+0	8.975000000E-1
1.601000000E+5	9.443000000E+0	8.976000000E-1
1.603000000E+5	9.553000000E+0	8.975000000E-1
1.605000000E+5	9.743000000E+0	8.976000000E-1
1.607000000E+5	9.805000000E+0	8.975000000E-1
1.609000000E+5	9.908000000E+0	8.976000000E-1
1.611000000E+5	9.940000000E+0	8.975000000E-1
1.613000000E+5	1.007600000E+1	8.976000000E-1
1.615000000E+5	1.010300000E+1	8.976000000E-1
1.617000000E+5	1.012200000E+1	8.976000000E-1
1.619000000E+5	1.010000000E+1	8.975000000E-1
1.621000000E+5	1.016000000E+1	8.977000000E-1
1.623000000E+5	1.009600000E+1	8.975000000E-1
1.625000000E+5	1.006000000E+1	8.976000000E-1
1.627000000E+5	9.992000000E+0	8.976000000E-1
1.629000000E+5	9.885000000E+0	8.975000000E-1
1.631000000E+5	9.802000000E+0	8.976000000E-1
1.633000000E+5	9.683000000E+0	8.975000000E-1
1.635000000E+5	9.555000000E+0	8.976000000E-1
1.637000000E+5	9.395000000E+0	8.975000000E-1
1.639000000E+5	9.251000000E+0	8.976000000E-1
1.641000000E+5	9.077000000E+0	8.975000000E-1
1.643000000E+5	8.903000000E+0	8.976000000E-1
1.645000000E+5	8.736000000E+0	8.975000000E-1
1.647000000E+5	8.499000000E+0	8.976000000E-1
1.649000000E+5	8.363000000E+0	8.975000000E-1
1.651000000E+5	8.185000000E+0	8.976000000E-1
1.653000000E+5	7.943000000E+0	8.975000000E-1
1.655000000E+5	7.769000000E+0	8.976000000E-1
1.657000000E+5	7.558000000E+0	8.975000000E-1
1.659000000E+5	7.361000000E+0	8.976000000E-1
1.661000000E+5	7.163000000E+0	8.975000000E-1
1.663000000E+5	6.974000000E+0	8.976000000E-1
1.665000000E+5	6.757000000E+0	8.975000000E-1
1.667000000E+5	6.580000000E+0	8.976000000E-1
1.669000000E+5	6.373000000E+0	8.975000000E-1
1.671000000E+5	6.236000000E+0	8.975000000E-1
1.673000000E+5	6.037000000E+0	8.975000000E-1
1.675000000E+5	5.850000000E+0	8.976000000E-1
1.677000000E+5	5.696000000E+0	8.975000000E-1
1.679000000E+5	5.542000000E+0	8.977000000E-1
1.681000000E+5	5.410000000E+0	8.974000000E-1
1.683000000E+5	5.243000000E+0	8.976000000E-1
1.685000000E+5	5.055000000E+0	8.975000000E-1
1.687000000E+5	4.937000000E+0	8.977000000E-1
1.689000000E+5	4.792000000E+0	8.975000000E-1
1.691000000E+5	4.659000000E+0	8.977000000E-1
1.693000000E+5	4.529000000E+0	8.975000000E-1
1.695000000E+5	4.421000000E+0	8.976000000E-1
1.697000000E+5	4.270000000E+0	8.976000000E-1
1.699000000E+5	4.168000000E+0	8.975000000E-1
1.701000000E+5	4.041000000E+0	8.976000000E-1
1.703000000E+5	3.913000000E+0	8.977000000E-1
1.705000000E+5	3.786000000E+0	8.976000000E-1
1.707000000E+5	3.692000000E+0	8.976000000E-1
1.709000000E+5	3.589000000E+0	8.974000000E-1
1.711000000E+5	3.524000000E+0	8.976000000E-1
1.713000000E+5	3.420000000E+0	8.974000000E-1
1.715000000E+5	3.297000000E+0	8.975000000E-1
1.717000000E+5	3.208000000E+0	8.975000000E-1
1.719000000E+5	3.134000000E+0	8.975000000E-1
1.721000000E+5	3.059000000E+0	8.975000000E-1
1.723000000E+5	2.986000000E+0	8.976000000E-1
1.725000000E+5	2.882000000E+0	8.976000000E-1
1.727000000E+5	2.812000000E+0	8.975000000E-1
1.729000000E+5	2.751000000E+0	8.976000000E-1
1.731000000E+5	2.682000000E+0	8.975000000E-1
1.733000000E+5	2.610000000E+0	8.975000000E-1
1.735000000E+5	2.537000000E+0	8.976000000E-1
1.737000000E+5	2.481000000E+0	8.975000000E-1
1.739000000E+5	2.416000000E+0	8.976000000E-1
1.741000000E+5	2.341000000E+0	8.976000000E-1
1.743000000E+5	2.286000000E+0	8.976000000E-1
1.745000000E+5	2.227000000E+0	8.975000000E-1
1.747000000E+5	2.186000000E+0	8.976000000E-1
1.749000000E+5	2.142000000E+0	8.976000000E-1
1.751000000E+5	2.080000000E+0	8.976000000E-1
1.753000000E+5	2.057000000E+0	8.975000000E-1
1.755000000E+5	2.019000000E+0	8.976000000E-1
1.757000000E+5	1.951000000E+0	8.975000000E-1
1.759000000E+5	1.898000000E+0	8.976000000E-1
1.761000000E+5	1.862000000E+0	8.975000000E-1
1.763000000E+5	1.816000000E+0	8.976000000E-1
1.765000000E+5	1.769800000E+0	8.976000000E-1
1.767000000E+5	1.727700000E+0	8.975000000E-1
1.769000000E+5	1.685000000E+0	8.976000000E-1
1.771000000E+5	1.660600000E+0	8.975000000E-1
1.773000000E+5	1.610300000E+0	8.976000000E-1
