1.375000000E+5	5.091000000E-1	8.943000000E-1
1.377500000E+5	5.669000000E-1	8.945000000E-1
1.380000000E+5	5.589000000E-1	8.944000000E-1
1.382500000E+5	5.576000000E-1	8.944000000E-1
1.385000000E+5	5.580000000E-1	8.944000000E-1
1.387500000E+5	5.779000000E-1	8.945000000E-1
1.390000000E+5	5.878000000E-1	8.944000000E-1
1.392500000E+5	5.926000000E-1	8.944000000E-1
1.395000000E+5	6.088000000E-1	8.944000000E-1
1.397500000E+5	6.398000000E-1	8.945000000E-1
1.400000000E+5	6.263000000E-1	8.944000000E-1
1.402500000E+5	6.168000000E-1	8.944000000E-1
1.405000000E+5	6.685000000E-1	8.945000000E-1
1.407500000E+5	6.776000000E-1	8.944000000E-1
1.410000000E+5	6.855000000E-1	8.945000000E-1
1.412500000E+5	7.159000000E-1	8.945000000E-1
1.415000000E+5	6.994000000E-1	8.944000000E-1
1.417500000E+5	7.290000000E-1	8.944000000E-1
1.420000000E+5	7.422000000E-1	8.945000000E-1
1.422500000E+5	7.682000000E-1	8.944000000E-1
1.425000000E+5	8.020000000E-1	8.945000000E-1
1.427500000E+5	8.052000000E-1	8.944000000E-1
1.430000000E+5	8.550000000E-1	8.944000000E-1
1.432500000E+5	8.611000000E-1	8.944000000E-1
1.435000000E+5	8.749000000E-1	8.945000000E-1
1.437500000E+5	9.057000000E-1	8.944000000E-1
1.440000000E+5	9.223000000E-1	8.945000000E-1
1.442500000E+5	9.422000000E-1	8.944000000E-1
1.445000000E+5	9.681000000E-1	8.945000000E-1
1.447500000E+5	1.003500000E+0	8.944000000E-1
1.450000000E+5	1.025800000E+0	8.945000000E-1
1.452500000E+5	1.066600000E+0	8.944000000E-1
1.455000000E+5	1.111300000E+0	8.945000000E-1
1.457500000E+5	1.112500000E+0	8.944000000E-1
1.460000000E+5	1.154600000E+0	8.945000000E-1
1.462500000E+5	1.202300000E+0	8.944000000E-1
1.465000000E+5	1.290300000E+0	8.945000000E-1
1.467500000E+5	1.300000000E+0	8.945000000E-1
1.470000000E+5	1.368500000E+0	8.945000000E-1
1.472500000E+5	1.395000000E+0	8.945000000E-1
1.475000000E+5	1.424500000E+0	8.944000000E-1
1.477500000E+5	1.455400000E+0	8.945000000E-1
1.480000000E+5	1.505400000E+0	8.945000000E-1
1.482500000E+5	1.544700000E+0	8.944000000E-1
1.485000000E+5	1.608500000E+0	8.945000000E-1
1.487500000E+5	1.644300000E+0	8.944000000E-1
1.490000000E+5	1.716000000E+0	8.946000000E-1
1.492500000E+5	1.769500000E+0	8.943000000E-1
1.495000000E+5	1.814800000E+0	8.946000000E-1
1.497500000E+5	1.869600000E+0	8.943000000E-1
1.500000000E+5	1.941400000E+0	8.945000000E-1
1.502500000E+5	2.028000000E+0	8.944000000E-1
1.505000000E+5	2.138000000E+0	8.945000000E-1
1.507500000E+5	2.196000000E+0	8.944000000E-1
1.510000000E+5	2.276000000E+0	8.945000000E-1
1.512500000E+5	2.344000000E+0	8.944000000E-1
1.515000000E+5	2.470000000E+0	8.945000000E-1
1.517500000E+5	2.534000000E+0	8.944000000E-1
1.520000000E+5	2.663000000E+0	8.945000000E-1
1.522500000E+5	2.769000000E+0	8.945000000E-1
1.525000000E+5	2.894000000E+0	8.945000000E-1
1.527500000E+5	3.000000000E+0	8.944000000E-1
1.530000000E+5	3.115000000E+0	8.945000000E-1
1.532500000E+5	3.260000000E+0	8.943000000E-1
1.535000000E+5	3.416000000E+0	8.946000000E-1
1.537500000E+5	3.564000000E+0	8.944000000E-1
1.540000000E+5	3.716000000E+0	8.946000000E-1
1.542500000E+5	3.865000000E+0	8.943000000E-1
1.545000000E+5	4.016000000E+0	8.946000000E-1
1.547500000E+5	4.210000000E+0	8.943000000E-1
1.550000000E+5	4.404000000E+0	8.945000000E-1
1.552500000E+5	4.617000000E+0	8.943000000E-1
1.555000000E+5	4.798000000E+0	8.945000000E-1
1.557500000E+5	4.972000000E+0	8.944000000E-1
1.560000000E+5	5.181000000E+0	8.945000000E-1
1.562500000E+5	5.363000000E+0	8.945000000E-1
1.565000000E+5	5.569000000E+0	8.944000000E-1
1.567500000E+5	5.790000000E+0	8.944000000E-1
1.570000000E+5	5.916000000E+0	8.945000000E-1
1.572500000E+5	6.159000000E+0	8.945000000E-1
1.575000000E+5	6.302000000E+0	8.944000000E-1
1.577500000E+5	6.468000000E+0	8.944000000E-1
1.580000000E+5	6.692000000E+0	8.945000000E-1
1.582500000E+5	6.820000000E+0	8.944000000E-1
1.585000000E+5	6.980000000E+0	8.945000000E-1
1.587500000E+5	7.092000000E+0	8.945000000E-1
1.590000000E+5	7.249000000E+0	8.945000000E-1
1.592500000E+5	7.347000000E+0	8.944000000E-1
1.595000000E+5	7.420000000E+0	8.946000000E-1
1.597500000E+5	7.472000000E+0	8.943000000E-1
1.600000000E+5	7.516000000E+0	8.945000000E-1
1.602500000E+5	7.565000000E+0	8.944000000E-1
1.605000000E+5	7.511000000E+0	8.945000000E-1
1.607500000E+5	7.504000000E+0	8.944000000E-1
1.610000000E+5	7.425000000E+0	8.946000000E-1
1.612500000E+5	7.310000000E+0	8.944000000E-1
1.615000000E+5	7.224000000E+0	8.946000000E-1
1.617500000E+5	7.041000000E+0	8.944000000E-1
1.620000000E+5	6.901000000E+0	8.946000000E-1
1.622500000E+5	6.686000000E+0	8.944000000E-1
1.625000000E+5	6.474000000E+0	8.946000000E-1
1.627500000E+5	6.307000000E+0	8.943000000E-1
1.630000000E+5	6.068000000E+0	8.945000000E-1
1.632500000E+5	5.838000000E+0	8.943000000E-1
1.635000000E+5	5.644000000E+0	8.945000000E-1
1.637500000E+5	5.363000000E+0	8.945000000E-1
1.640000000E+5	5.207000000E+0	8.945000000E-1
1.642500000E+5	4.945000000E+0	8.944000000E-1
1.645000000E+5	4.752000000E+0	8.944000000E-1
1.647500000E+5	4.534000000E+0	8.945000000E-1
1.650000000E+5	4.305000000E+0	8.944000000E-1
1.652500000E+5	4.106000000E+0	8.945000000E-1
1.655000000E+5	3.934000000E+0	8.944000000E-1
1.657500000E+5	3.775000000E+0	8.945000000E-1
1.660000000E+5	3.577000000E+0	8.944000000E-1
1.662500000E+5	3.434000000E+0	8.944000000E-1
1.665000000E+5	3.273000000E+0	8.944000000E-1
1.667500000E+5	3.150000000E+0	8.945000000E-1
1.670000000E+5	2.961000000E+0	8.944000000E-1
1.672500000E+5	2.873000000E+0	8.945000000E-1
1.675000000E+5	2.723000000E+0	8.944000000E-1
1.677500000E+5	2.599000000E+0	8.945000000E-1
1.680000000E+5	2.505000000E+0	8.944000000E-1
1.682500000E+5	2.415000000E+0	8.945000000E-1
1.685000000E+5	2.316000000E+0	8.944000000E-1
1.687500000E+5	2.208000000E+0	8.945000000E-1
1.690000000E+5	2.116000000E+0	8.944000000E-1
1.692500000E+5	2.017000000E+0	8.945000000E-1
1.695000000E+5	1.926000000E+0	8.945000000E-1
1.697500000E+5	1.849000000E+0	8.944000000E-1
1.700000000E+5	1.785200000E+0	8.944000000E-1
1.702500000E+5	1.715300000E+0	8.944000000E-1
1.705000000E+5	1.661500000E+0	8.944000000E-1
1.707500000E+5	1.599100000E+0	8.945000000E-1
1.710000000E+5	1.523200000E+0	8.944000000E-1
1.712500000E+5	1.490500000E+0	8.945000000E-1
1.715000000E+5	1.447700000E+0	8.944000000E-1
1.717500000E+5	1.372700000E+0	8.945000000E-1
1.720000000E+5	1.329100000E+0	8.944000000E-1
1.722500000E+5	1.262100000E+0	8.944000000E-1
1.725000000E+5	1.238700000E+0	8.944000000E-1
1.727500000E+5	1.205900000E+0	8.944000000E-1
1.730000000E+5	1.179100000E+0	8.944000000E-1
1.732500000E+5	1.120600000E+0	8.945000000E-1
1.735000000E+5	1.088400000E+0	8.944000000E-1
1.737500000E+5	1.055900000E+0	8.944000000E-1
1.740000000E+5	1.026500000E+0	8.945000000E-1
1.742500000E+5	9.799000000E-1	8.945000000E-1
1.745000000E+5	9.442000000E-1	8.944000000E-1
1.747500000E+5	9.317000000E-1	8.945000000E-1
1.750000000E+5	9.074000000E-1	8.944000000E-1
1.752500000E+5	8.924000000E-1	8.944000000E-1
1.755000000E+5	8.740000000E-1	8.945000000E-1
1.757500000E+5	8.490000000E-1	8.944000000E-1
1.760000000E+5	8.282000000E-1	8.945000000E-1
1.762500000E+5	8.040000000E-1	8.944000000E-1
1.765000000E+5	7.881000000E-1	8.945000000E-1
1.767500000E+5	7.413000000E-1	8.944000000E-1
1.770000000E+5	7.427000000E-1	8.946000000E-1
1.772500000E+5	7.100000000E-1	8.944000000E-1
1.775000000E+5	7.132000000E-1	8.946000000E-1
1.777500000E+5	6.763000000E-1	8.944000000E-1
1.780000000E+5	6.798000000E-1	8.946000000E-1
1.782500000E+5	6.358000000E-1	8.943000000E-1
1.785000000E+5	6.341000000E-1	8.946000000E-1
1.787500000E+5	6.099000000E-1	8.943000000E-1
1.790000000E+5	6.182000000E-1	8.946000000E-1
1.792500000E+5	6.023000000E-1	8.944000000E-1
1.795000000E+5	5.914000000E-1	8.946000000E-1
1.797500000E+5	5.635000000E-1	8.945000000E-1
1.800000000E+5	5.639000000E-1	8.945000000E-1
1.802500000E+5	5.395000000E-1	8.944000000E-1
1.805000000E+5	5.508000000E-1	8.944000000E-1
1.807500000E+5	5.563000000E-1	8.945000000E-1
1.810000000E+5	5.187000000E-1	8.944000000E-1
1.812500000E+5	5.204000000E-1	8.945000000E-1
1.815000000E+5	5.084000000E-1	8.944000000E-1
1.817500000E+5	5.094000000E-1	8.945000000E-1
1.820000000E+5	4.833000000E-1	8.944000000E-1
1.822500000E+5	4.711000000E-1	8.945000000E-1
1.825000000E+5	4.729000000E-1	8.944000000E-1
1.827500000E+5	4.733000000E-1	8.945000000E-1
1.830000000E+5	4.598000000E-1	8.944000000E-1
1.832500000E+5	4.712000000E-1	8.945000000E-1
1.835000000E+5	4.362000000E-1	8.944000000E-1
1.837500000E+5	4.452000000E-1	8.945000000E-1
1.840000000E+5	4.437000000E-1	8.944000000E-1
1.842500000E+5	4.373000000E-1	8.945000000E-1
1.845000000E+5	4.124000000E-1	8.944000000E-1
1.847500000E+5	4.205000000E-1	8.946000000E-1
1.850000000E+5	4.148000000E-1	8.944000000E-1
1.852500000E+5	4.142000000E-1	8.946000000E-1
1.855000000E+5	3.979000000E-1	8.945000000E-1
1.857500000E+5	4.046000000E-1	8.944000000E-1
1.860000000E+5	3.906000000E-1	8.945000000E-1
1.862500000E+5	4.009000000E-1	8.944000000E-1
1.865000000E+5	3.984000000E-1	8.945000000E-1
1.867500000E+5	3.715000000E-1	8.944000000E-1
1.870000000E+5	3.897000000E-1	8.945000000E-1
1.872500000E+5	3.590000000E-1	8.944000000E-1
