2.250000000E+5	1.683100000E-1	9.008000000E-1
2.252000000E+5	1.740900000E-1	9.008000000E-1
2.254000000E+5	1.710300000E-1	9.007000000E-1
2.256000000E+5	1.767100000E-1	9.008000000E-1
2.258000000E+5	1.757200000E-1	9.008000000E-1
2.260000000E+5	1.839400000E-1	9.008000000E-1
2.262000000E+5	1.872100000E-1	9.007000000E-1
2.264000000E+5	1.903100000E-1	9.008000000E-1
2.266000000E+5	1.942200000E-1	9.007000000E-1
2.268000000E+5	1.971000000E-1	9.008000000E-1
2.270000000E+5	2.076000000E-1	9.007000000E-1
2.272000000E+5	2.090000000E-1	9.008000000E-1
2.274000000E+5	2.131000000E-1	9.007000000E-1
2.276000000E+5	2.183000000E-1	9.008000000E-1
2.278000000E+5	2.212000000E-1	9.008000000E-1
2.280000000E+5	2.269000000E-1	9.008000000E-1
2.282000000E+5	2.324000000E-1	9.008000000E-1
2.284000000E+5	2.340000000E-1	9.008000000E-1
2.286000000E+5	2.422000000E-1	9.008000000E-1
2.288000000E+5	2.453000000E-1	9.008000000E-1
2.290000000E+5	2.512000000E-1	9.007000000E-1
2.292000000E+5	2.619000000E-1	9.008000000E-1
2.294000000E+5	2.688000000E-1	9.008000000E-1
2.296000000E+5	2.741000000E-1	9.008000000E-1
2.298000000E+5	2.801000000E-1	9.008000000E-1
2.300000000E+5	2.897000000E-1	9.008000000E-1
2.302000000E+5	2.918000000E-1	9.007000000E-1
2.304000000E+5	3.068000000E-1	9.008000000E-1
2.306000000E+5	3.081000000E-1	9.008000000E-1
2.308000000E+5	3.188000000E-1	9.009000000E-1
2.310000000E+5	3.279000000E-1	9.007000000E-1
2.312000000E+5	3.356000000E-1	9.008000000E-1
2.314000000E+5	3.434000000E-1	9.008000000E-1
2.316000000E+5	3.556000000E-1	9.008000000E-1
2.318000000E+5	3.625000000E-1	9.008000000E-1
2.320000000E+5	3.755000000E-1	9.007000000E-1
2.322000000E+5	3.829000000E-1	9.008000000E-1
2.324000000E+5	3.929000000E-1	9.008000000E-1
2.326000000E+5	4.055000000E-1	9.008000000E-1
2.328000000E+5	4.170000000E-1	9.007000000E-1
2.330000000E+5	4.287000000E-1	9.008000000E-1
2.332000000E+5	4.443000000E-1	9.008000000E-1
2.334000000E+5	4.564000000E-1	9.008000000E-1
2.336000000E+5	4.711000000E-1	9.007000000E-1
2.338000000E+5	4.840000000E-1	9.008000000E-1
2.340000000E+5	5.002000000E-1	9.007000000E-1
2.342000000E+5	5.128000000E-1	9.008000000E-1
2.344000000E+5	5.305000000E-1	9.007000000E-1
2.346000000E+5	5.485000000E-1	9.008000000E-1
2.348000000E+5	5.676000000E-1	9.008000000E-1
2.350000000E+5	5.893000000E-1	9.008000000E-1
2.352000000E+5	6.069000000E-1	9.007000000E-1
2.354000000E+5	6.299000000E-1	9.008000000E-1
2.356000000E+5	6.458000000E-1	9.007000000E-1
2.358000000E+5	6.665000000E-1	9.008000000E-1
2.360000000E+5	6.942000000E-1	9.008000000E-1
2.362000000E+5	7.189000000E-1	9.008000000E-1
2.364000000E+5	7.419000000E-1	9.008000000E-1
2.366000000E+5	7.728000000E-1	9.008000000E-1
2.368000000E+5	7.925000000E-1	9.007000000E-1
2.370000000E+5	8.274000000E-1	9.009000000E-1
2.372000000E+5	8.467000000E-1	9.007000000E-1
2.374000000E+5	8.899000000E-1	9.009000000E-1
2.376000000E+5	9.132000000E-1	9.007000000E-1
2.378000000E+5	9.480000000E-1	9.007000000E-1
2.380000000E+5	9.882000000E-1	9.008000000E-1
2.382000000E+5	1.024700000E+0	9.007000000E-1
2.384000000E+5	1.056700000E+0	9.008000000E-1
2.386000000E+5	1.092000000E+0	9.007000000E-1
2.388000000E+5	1.118500000E+0	9.008000000E-1
2.390000000E+5	1.172600000E+0	9.008000000E-1
2.392000000E+5	1.207600000E+0	9.008000000E-1
2.394000000E+5	1.241700000E+0	9.007000000E-1
2.396000000E+5	1.278400000E+0	9.008000000E-1
2.398000000E+5	1.311900000E+0	9.008000000E-1
2.400000000E+5	1.355600000E+0	9.009000000E-1
2.402000000E+5	1.380900000E+0	9.008000000E-1
2.404000000E+5	1.426200000E+0	9.008000000E-1
2.406000000E+5	1.463000000E+0	9.008000000E-1
2.408000000E+5	1.492500000E+0	9.009000000E-1
2.410000000E+5	1.526900000E+0	9.007000000E-1
2.412000000E+5	1.562700000E+0	9.009000000E-1
2.414000000E+5	1.592300000E+0	9.007000000E-1
2.416000000E+5	1.615600000E+0	9.009000000E-1
2.418000000E+5	1.635800000E+0	9.007000000E-1
2.420000000E+5	1.655800000E+0	9.009000000E-1
2.422000000E+5	1.684300000E+0	9.007000000E-1
2.424000000E+5	1.700100000E+0	9.009000000E-1
2.426000000E+5	1.718300000E+0	9.007000000E-1
2.428000000E+5	1.722300000E+0	9.008000000E-1
2.430000000E+5	1.703600000E+0	9.008000000E-1
2.432000000E+5	1.709400000E+0	9.009000000E-1
2.434000000E+5	1.695000000E+0	9.008000000E-1
2.436000000E+5	1.689800000E+0	9.008000000E-1
2.438000000E+5	1.675800000E+0	9.008000000E-1
2.440000000E+5	1.658300000E+0	9.007000000E-1
2.442000000E+5	1.647200000E+0	9.007000000E-1
2.444000000E+5	1.615600000E+0	9.007000000E-1
2.446000000E+5	1.611300000E+0	9.008000000E-1
2.448000000E+5	1.576600000E+0	9.008000000E-1
2.450000000E+5	1.539700000E+0	9.008000000E-1
2.452000000E+5	1.505900000E+0	9.008000000E-1
2.454000000E+5	1.461100000E+0	9.008000000E-1
2.456000000E+5	1.433600000E+0	9.007000000E-1
2.458000000E+5	1.393600000E+0	9.008000000E-1
2.460000000E+5	1.354100000E+0	9.007000000E-1
2.462000000E+5	1.319300000E+0	9.008000000E-1
2.464000000E+5	1.268300000E+0	9.008000000E-1
2.466000000E+5	1.232200000E+0	9.008000000E-1
2.468000000E+5	1.187100000E+0	9.007000000E-1
2.470000000E+5	1.145700000E+0	9.009000000E-1
2.472000000E+5	1.122700000E+0	9.008000000E-1
2.474000000E+5	1.065700000E+0	9.008000000E-1
2.476000000E+5	1.031400000E+0	9.008000000E-1
2.478000000E+5	9.951000000E-1	9.007000000E-1
2.480000000E+5	9.622000000E-1	9.008000000E-1
2.482000000E+5	9.323000000E-1	9.007000000E-1
2.484000000E+5	9.040000000E-1	9.008000000E-1
2.486000000E+5	8.725000000E-1	9.008000000E-1
2.488000000E+5	8.358000000E-1	9.009000000E-1
2.490000000E+5	8.005000000E-1	9.007000000E-1
2.492000000E+5	7.811000000E-1	9.009000000E-1
2.494000000E+5	7.472000000E-1	9.007000000E-1
2.496000000E+5	7.156000000E-1	9.009000000E-1
2.498000000E+5	6.987000000E-1	9.008000000E-1
2.500000000E+5	6.733000000E-1	9.008000000E-1
2.502000000E+5	6.524000000E-1	9.008000000E-1
2.504000000E+5	6.299000000E-1	9.008000000E-1
2.506000000E+5	6.033000000E-1	9.008000000E-1
2.508000000E+5	5.787000000E-1	9.008000000E-1
2.510000000E+5	5.579000000E-1	9.008000000E-1
2.512000000E+5	5.417000000E-1	9.008000000E-1
2.514000000E+5	5.273000000E-1	9.008000000E-1
2.516000000E+5	5.099000000E-1	9.008000000E-1
2.518000000E+5	4.908000000E-1	9.008000000E-1
2.520000000E+5	4.784000000E-1	9.008000000E-1
2.522000000E+5	4.664000000E-1	9.008000000E-1
2.524000000E+5	4.511000000E-1	9.008000000E-1
2.526000000E+5	4.392000000E-1	9.008000000E-1
2.528000000E+5	4.213000000E-1	9.008000000E-1
2.530000000E+5	4.138000000E-1	9.008000000E-1
2.532000000E+5	4.014000000E-1	9.007000000E-1
2.534000000E+5	3.915000000E-1	9.009000000E-1
2.536000000E+5	3.767000000E-1	9.007000000E-1
2.538000000E+5	3.663000000E-1	9.009000000E-1
2.540000000E+5	3.541000000E-1	9.007000000E-1
2.542000000E+5	3.452000000E-1	9.007000000E-1
2.544000000E+5	3.384000000E-1	9.008000000E-1
2.546000000E+5	3.270000000E-1	9.008000000E-1
2.548000000E+5	3.199000000E-1	9.008000000E-1
2.550000000E+5	3.067000000E-1	9.008000000E-1
2.552000000E+5	3.020000000E-1	9.008000000E-1
2.554000000E+5	2.977000000E-1	9.008000000E-1
2.556000000E+5	2.893000000E-1	9.008000000E-1
2.558000000E+5	2.792000000E-1	9.008000000E-1
2.560000000E+5	2.743000000E-1	9.008000000E-1
2.562000000E+5	2.667000000E-1	9.008000000E-1
2.564000000E+5	2.592000000E-1	9.009000000E-1
2.566000000E+5	2.561000000E-1	9.007000000E-1
2.568000000E+5	2.507000000E-1	9.009000000E-1
2.570000000E+5	2.411000000E-1	9.007000000E-1
2.572000000E+5	2.329000000E-1	9.009000000E-1
2.574000000E+5	2.290000000E-1	9.007000000E-1
2.576000000E+5	2.259000000E-1	9.009000000E-1
2.578000000E+5	2.163000000E-1	9.007000000E-1
2.580000000E+5	2.145000000E-1	9.009000000E-1
2.582000000E+5	2.084000000E-1	9.007000000E-1
2.584000000E+5	2.077000000E-1	9.009000000E-1
2.586000000E+5	2.017000000E-1	9.007000000E-1
2.588000000E+5	1.990000000E-1	9.009000000E-1
2.590000000E+5	1.949000000E-1	9.007000000E-1
2.592000000E+5	1.892000000E-1	9.009000000E-1
2.594000000E+5	1.845000000E-1	9.008000000E-1
2.596000000E+5	1.800000000E-1	9.007000000E-1
2.598000000E+5	1.781900000E-1	9.008000000E-1
2.600000000E+5	1.728500000E-1	9.008000000E-1
2.602000000E+5	1.691500000E-1	9.008000000E-1
2.604000000E+5	1.671300000E-1	9.007000000E-1
2.606000000E+5	1.626800000E-1	9.008000000E-1
2.608000000E+5	1.574900000E-1	9.007000000E-1
2.610000000E+5	1.587300000E-1	9.008000000E-1
2.612000000E+5	1.521500000E-1	9.007000000E-1
2.614000000E+5	1.513900000E-1	9.008000000E-1
2.616000000E+5	1.437000000E-1	9.007000000E-1
2.618000000E+5	1.444800000E-1	9.008000000E-1
2.620000000E+5	1.421300000E-1	9.008000000E-1
2.622000000E+5	1.388700000E-1	9.008000000E-1
2.624000000E+5	1.402200000E-1	9.007000000E-1
2.626000000E+5	1.358000000E-1	9.008000000E-1
2.628000000E+5	1.302600000E-1	9.007000000E-1
2.630000000E+5	1.280800000E-1	9.008000000E-1
2.632000000E+5	1.312700000E-1	9.008000000E-1
2.634000000E+5	1.266400000E-1	9.008000000E-1
2.636000000E+5	1.246600000E-1	9.009000000E-1
2.638000000E+5	1.199200000E-1	9.008000000E-1
2.640000000E+5	1.196100000E-1	9.008000000E-1
2.642000000E+5	1.145700000E-1	9.008000000E-1
2.644000000E+5	1.138900000E-1	9.008000000E-1
2.646000000E+5	1.111800000E-1	9.008000000E-1
2.648000000E+5	1.147000000E-1	9.008000000E-1
