1.425000000E+5	1.592000000E-2	8.909000000E-1
1.427000000E+5	1.926000000E-2	8.909000000E-1
1.429000000E+5	2.012000000E-2	8.909000000E-1
1.431000000E+5	1.638000000E-2	8.909000000E-1
1.433000000E+5	2.336000000E-2	8.909000000E-1
1.435000000E+5	2.110000000E-2	8.909000000E-1
1.437000000E+5	1.904000000E-2	8.910000000E-1
1.439000000E+5	2.261000000E-2	8.909000000E-1
1.441000000E+5	2.253000000E-2	8.910000000E-1
1.443000000E+5	2.088000000E-2	8.909000000E-1
1.445000000E+5	2.162000000E-2	8.910000000E-1
1.447000000E+5	2.517000000E-2	8.909000000E-1
1.449000000E+5	2.462000000E-2	8.910000000E-1
1.451000000E+5	2.383000000E-2	8.909000000E-1
1.453000000E+5	2.658000000E-2	8.909000000E-1
1.455000000E+5	2.365000000E-2	8.909000000E-1
1.457000000E+5	2.827000000E-2	8.909000000E-1
1.459000000E+5	2.614000000E-2	8.909000000E-1
1.461000000E+5	2.969000000E-2	8.910000000E-1
1.463000000E+5	2.725000000E-2	8.909000000E-1
1.465000000E+5	3.081000000E-2	8.909000000E-1
1.467000000E+5	2.631000000E-2	8.909000000E-1
1.469000000E+5	2.974000000E-2	8.909000000E-1
1.471000000E+5	3.090000000E-2	8.909000000E-1
1.473000000E+5	2.939000000E-2	8.909000000E-1
1.475000000E+5	3.356000000E-2	8.909000000E-1
1.477000000E+5	3.341000000E-2	8.910000000E-1
1.479000000E+5	3.455000000E-2	8.909000000E-1
1.481000000E+5	3.435000000E-2	8.910000000E-1
1.483000000E+5	3.596000000E-2	8.909000000E-1
1.485000000E+5	3.666000000E-2	8.910000000E-1
1.487000000E+5	3.850000000E-2	8.909000000E-1
1.489000000E+5	3.901000000E-2	8.909000000E-1
1.491000000E+5	3.944000000E-2	8.909000000E-1
1.493000000E+5	4.562000000E-2	8.910000000E-1
1.495000000E+5	4.466000000E-2	8.909000000E-1
1.497000000E+5	4.382000000E-2	8.910000000E-1
1.499000000E+5	4.954000000E-2	8.909000000E-1
1.501000000E+5	4.564000000E-2	8.909000000E-1
1.503000000E+5	4.904000000E-2	8.910000000E-1
1.505000000E+5	4.796000000E-2	8.909000000E-1
1.507000000E+5	5.352000000E-2	8.910000000E-1
1.509000000E+5	5.423000000E-2	8.909000000E-1
1.511000000E+5	5.591000000E-2	8.910000000E-1
1.513000000E+5	5.679000000E-2	8.910000000E-1
1.515000000E+5	5.803000000E-2	8.910000000E-1
1.517000000E+5	5.882000000E-2	8.909000000E-1
1.519000000E+5	6.371000000E-2	8.910000000E-1
1.521000000E+5	6.320000000E-2	8.908000000E-1
1.523000000E+5	6.995000000E-2	8.911000000E-1
1.525000000E+5	7.071000000E-2	8.908000000E-1
1.527000000E+5	7.390000000E-2	8.910000000E-1
1.529000000E+5	7.551000000E-2	8.908000000E-1
1.531000000E+5	8.184000000E-2	8.910000000E-1
1.533000000E+5	8.390000000E-2	8.909000000E-1
1.535000000E+5	9.014000000E-2	8.909000000E-1
1.537000000E+5	9.188000000E-2	8.908000000E-1
1.539000000E+5	9.857000000E-2	8.910000000E-1
1.541000000E+5	1.009900000E-1	8.910000000E-1
1.543000000E+5	1.073600000E-1	8.909000000E-1
1.545000000E+5	1.101000000E-1	8.910000000E-1
1.547000000E+5	1.158000000E-1	8.909000000E-1
1.549000000E+5	1.219200000E-1	8.910000000E-1
1.551000000E+5	1.265400000E-1	8.909000000E-1
1.553000000E+5	1.323100000E-1	8.910000000E-1
1.555000000E+5	1.412700000E-1	8.909000000E-1
1.557000000E+5	1.482000000E-1	8.910000000E-1
1.559000000E+5	1.561100000E-1	8.909000000E-1
1.561000000E+5	1.648400000E-1	8.910000000E-1
1.563000000E+5	1.788000000E-1	8.909000000E-1
1.565000000E+5	1.882500000E-1	8.910000000E-1
1.567000000E+5	1.985100000E-1	8.909000000E-1
1.569000000E+5	2.141000000E-1	8.909000000E-1
1.571000000E+5	2.301000000E-1	8.910000000E-1
1.573000000E+5	2.401000000E-1	8.909000000E-1
1.575000000E+5	2.607000000E-1	8.910000000E-1
1.577000000E+5	2.744000000E-1	8.909000000E-1
1.579000000E+5	2.979000000E-1	8.910000000E-1
1.581000000E+5	3.169000000E-1	8.910000000E-1
1.583000000E+5	3.415000000E-1	8.910000000E-1
1.585000000E+5	3.657000000E-1	8.909000000E-1
1.587000000E+5	3.928000000E-1	8.910000000E-1
1.589000000E+5	4.252000000E-1	8.910000000E-1
1.591000000E+5	4.624000000E-1	8.910000000E-1
1.593000000E+5	4.959000000E-1	8.909000000E-1
1.595000000E+5	5.310000000E-1	8.910000000E-1
1.597000000E+5	5.750000000E-1	8.908000000E-1
1.599000000E+5	6.258000000E-1	8.910000000E-1
1.601000000E+5	6.729000000E-1	8.908000000E-1
1.603000000E+5	7.176000000E-1	8.910000000E-1
1.605000000E+5	7.684000000E-1	8.910000000E-1
1.607000000E+5	7.982000000E-1	8.909000000E-1
1.609000000E+5	8.175000000E-1	8.910000000E-1
1.611000000E+5	8.418000000E-1	8.909000000E-1
1.613000000E+5	8.566000000E-1	8.910000000E-1
1.615000000E+5	8.672000000E-1	8.909000000E-1
1.617000000E+5	8.753000000E-1	8.910000000E-1
1.619000000E+5	8.635000000E-1	8.909000000E-1
1.621000000E+5	8.552000000E-1	8.910000000E-1
1.623000000E+5	8.319000000E-1	8.909000000E-1
1.625000000E+5	8.032000000E-1	8.910000000E-1
1.627000000E+5	7.625000000E-1	8.909000000E-1
1.629000000E+5	7.233000000E-1	8.909000000E-1
1.631000000E+5	6.667000000E-1	8.909000000E-1
1.633000000E+5	6.144000000E-1	8.910000000E-1
1.635000000E+5	5.576000000E-1	8.909000000E-1
1.637000000E+5	5.026000000E-1	8.910000000E-1
1.639000000E+5	4.447000000E-1	8.909000000E-1
1.641000000E+5	3.971000000E-1	8.910000000E-1
1.643000000E+5	3.551000000E-1	8.908000000E-1
1.645000000E+5	3.211000000E-1	8.909000000E-1
1.647000000E+5	2.909000000E-1	8.910000000E-1
1.649000000E+5	2.724000000E-1	8.910000000E-1
1.651000000E+5	2.394000000E-1	8.910000000E-1
1.653000000E+5	2.183000000E-1	8.909000000E-1
1.655000000E+5	2.063000000E-1	8.910000000E-1
1.657000000E+5	1.847000000E-1	8.909000000E-1
1.659000000E+5	1.792200000E-1	8.910000000E-1
1.661000000E+5	1.628100000E-1	8.909000000E-1
1.663000000E+5	1.485300000E-1	8.910000000E-1
1.665000000E+5	1.378400000E-1	8.909000000E-1
1.667000000E+5	1.342600000E-1	8.910000000E-1
1.669000000E+5	1.238200000E-1	8.909000000E-1
1.671000000E+5	1.148300000E-1	8.910000000E-1
1.673000000E+5	1.055900000E-1	8.909000000E-1
1.675000000E+5	1.013800000E-1	8.910000000E-1
1.677000000E+5	9.778000000E-2	8.908000000E-1
1.679000000E+5	9.144000000E-2	8.910000000E-1
1.681000000E+5	8.737000000E-2	8.908000000E-1
1.683000000E+5	8.577000000E-2	8.910000000E-1
1.685000000E+5	7.834000000E-2	8.909000000E-1
1.687000000E+5	7.795000000E-2	8.909000000E-1
1.689000000E+5	7.483000000E-2	8.910000000E-1
1.691000000E+5	6.775000000E-2	8.909000000E-1
1.693000000E+5	7.061000000E-2	8.910000000E-1
1.695000000E+5	6.838000000E-2	8.909000000E-1
1.697000000E+5	6.434000000E-2	8.910000000E-1
1.699000000E+5	5.922000000E-2	8.909000000E-1
1.701000000E+5	5.769000000E-2	8.910000000E-1
1.703000000E+5	5.858000000E-2	8.909000000E-1
1.705000000E+5	5.389000000E-2	8.909000000E-1
1.707000000E+5	5.043000000E-2	8.909000000E-1
1.709000000E+5	4.839000000E-2	8.909000000E-1
1.711000000E+5	4.722000000E-2	8.909000000E-1
1.713000000E+5	4.827000000E-2	8.909000000E-1
1.715000000E+5	4.598000000E-2	8.909000000E-1
1.717000000E+5	4.773000000E-2	8.910000000E-1
1.719000000E+5	4.333000000E-2	8.909000000E-1
1.721000000E+5	4.102000000E-2	8.909000000E-1
1.723000000E+5	4.032000000E-2	8.909000000E-1
1.725000000E+5	4.037000000E-2	8.909000000E-1
1.727000000E+5	3.460000000E-2	8.909000000E-1
1.729000000E+5	4.076000000E-2	8.909000000E-1
1.731000000E+5	3.271000000E-2	8.909000000E-1
1.733000000E+5	3.502000000E-2	8.909000000E-1
1.735000000E+5	2.272000000E-2	8.909000000E-1
1.737000000E+5	3.642000000E-2	8.909000000E-1
1.739000000E+5	2.901000000E-2	8.909000000E-1
1.741000000E+5	3.165000000E-2	8.909000000E-1
1.743000000E+5	3.015000000E-2	8.909000000E-1
1.745000000E+5	3.108000000E-2	8.910000000E-1
1.747000000E+5	2.889000000E-2	8.910000000E-1
1.749000000E+5	2.960000000E-2	8.909000000E-1
1.751000000E+5	2.766000000E-2	8.909000000E-1
1.753000000E+5	3.027000000E-2	8.910000000E-1
1.755000000E+5	2.793000000E-2	8.908000000E-1
1.757000000E+5	2.770000000E-2	8.910000000E-1
1.759000000E+5	2.244000000E-2	8.908000000E-1
1.761000000E+5	2.447000000E-2	8.910000000E-1
1.763000000E+5	2.532000000E-2	8.908000000E-1
1.765000000E+5	2.582000000E-2	8.909000000E-1
1.767000000E+5	2.642000000E-2	8.909000000E-1
1.769000000E+5	2.474000000E-2	8.909000000E-1
1.771000000E+5	2.363000000E-2	8.910000000E-1
1.773000000E+5	2.625000000E-2	8.908000000E-1
1.775000000E+5	2.675000000E-2	8.909000000E-1
1.777000000E+5	1.950000000E-2	8.909000000E-1
1.779000000E+5	2.681000000E-2	8.909000000E-1
1.781000000E+5	1.756000000E-2	8.909000000E-1
1.783000000E+5	2.351000000E-2	8.910000000E-1
1.785000000E+5	1.935000000E-2	8.909000000E-1
1.787000000E+5	1.980000000E-2	8.910000000E-1
1.789000000E+5	1.868000000E-2	8.909000000E-1
1.791000000E+5	2.060000000E-2	8.910000000E-1
1.793000000E+5	1.811000000E-2	8.908000000E-1
1.795000000E+5	1.862000000E-2	8.909000000E-1
1.797000000E+5	1.943000000E-2	8.910000000E-1
1.799000000E+5	2.013000000E-2	8.909000000E-1
1.801000000E+5	1.874000000E-2	8.909000000E-1
1.803000000E+5	1.807000000E-2	8.909000000E-1
1.805000000E+5	1.811000000E-2	8.909000000E-1
1.807000000E+5	1.643000000E-2	8.909000000E-1
1.809000000E+5	1.737000000E-2	8.909000000E-1
1.811000000E+5	1.370000000E-2	8.909000000E-1
1.813000000E+5	1.740000000E-2	8.909000000E-1
1.815000000E+5	1.762000000E-2	8.909000000E-1
1.817000000E+5	1.788000000E-2	8.909000000E-1
1.819000000E+5	1.202000000E-2	8.909000000E-1
1.821000000E+5	1.911000000E-2	8.910000000E-1
1.823000000E+5	1.813000000E-2	8.908000000E-1
