Run started at:  2/12/2009 2:41:33 PM
Event	Real Time (min)	Lifetime (microsec)
1	     0.13	 1.8100
2	     0.82	 0.9560
3	     0.91	 0.1920
4	     1.67	 4.4310
5	     2.10	 1.8920
6	     2.82	16.5340
7	     5.43	 0.7510
8	     5.62	 4.9980
9	     5.93	 0.9100
10	     6.61	 1.8060
11	     6.63	 2.2400
12	     7.32	 0.2200
13	     8.63	 0.6700
14	     9.29	12.7390
15	     9.49	 1.8660
16	     9.58	 1.3090
17	     9.60	 0.1810
18	     9.94	 0.1120
19	    10.30	 0.8600
20	    10.71	 7.2950
21	    12.15	 1.2100
22	    12.69	 0.8260
23	    12.83	 0.5900
24	    12.89	 0.1170
25	    13.06	 4.2810
26	    13.73	 0.8490
27	    13.87	 1.7600
28	    14.10	 1.4110
29	    14.19	 0.1210
30	    14.23	 0.5100
31	    14.47	12.1200
32	    14.66	 1.3200
33	    14.70	 0.1190
34	    14.98	 3.1170
35	    15.61	 0.1700
36	    16.53	 0.3720
37	    16.62	 1.0830
38	    16.73	 0.4020
39	    17.17	 5.2800
40	    17.19	 4.0930
41	    17.67	 3.0710
42	    18.26	 3.5470
43	    18.33	 1.8090
44	    18.40	 4.2900
45	    19.25	 1.0000
46	    20.12	 0.2200
47	    20.23	 3.1210
48	    20.50	 7.4570
49	    20.99	 0.8200
50	    21.08	 0.5170
51	    22.04	 0.7310
52	    22.50	 1.1750
53	    23.14	 2.5540
54	    23.28	 1.0680
55	    23.50	 3.3300
56	    23.59	 1.0200
57	    23.93	 0.4900
58	    25.22	 0.8800
59	    25.33	 4.2500
60	    25.72	 7.4100
61	    25.94	 1.9400
62	    26.18	 0.4730
63	    26.25	 1.1120
64	    27.19	 0.5090
65	    27.79	 7.2310
66	    28.16	 7.9440
67	    28.35	 0.9500
68	    28.92	 1.9000
69	    30.08	 2.1000
70	    30.42	 3.4900
71	    30.63	 0.7840
72	    31.15	 1.3590
73	    31.49	 6.6100
74	    32.50	 2.1060
75	    34.96	 0.9900
76	    35.45	 5.3740
77	    35.78	 0.1880
78	    36.47	17.6100
79	    36.91	 2.7600
80	    37.00	 1.5000
81	    38.07	 1.4500
82	    39.11	 4.4800
83	    39.34	 4.7000
84	    39.36	 6.2430
85	    39.88	 0.4350
86	    40.02	 3.5530
87	    41.35	 1.9980
88	    41.42	 0.5110
89	    41.56	 5.0300
90	    42.00	 6.9200
91	    42.09	 3.0770
92	    42.18	 2.7400
93	    42.24	 0.7770
94	    43.31	 3.3290
95	    44.50	 3.5100
96	    44.78	 1.5600
97	    45.19	 2.9200
98	    45.24	 8.9050
99	    46.00	 3.6750
100	    46.27	 1.1890
101	    46.33	 5.3870
102	    46.84	 1.8190
103	    46.89	 0.2810
104	    47.92	 0.2000
105	    48.09	 5.4050
106	    48.23	 0.1790
107	    48.55	 5.3400
108	    48.66	 5.5890
109	    49.03	 3.9500
110	    49.71	 1.4300
111	    50.01	 0.2190
112	    50.11	 6.0990
113	    50.30	 5.5400
114	    50.57	 0.9650
115	    51.25	 0.5930
116	    51.87	 0.6600
117	    53.15	 0.3190
118	    53.39	 1.2100
119	    53.54	 6.3400
120	    53.65	 3.2710
121	    53.77	 1.7730
122	    53.91	 0.8400
123	    54.54	 1.1010
124	    54.73	 0.1180
125	    54.85	 1.1000
126	    55.46	 2.0790
127	    56.13	 0.1200
128	    56.70	 1.5400
129	    57.20	 0.7910
130	    57.74	 0.6500
131	    58.76	 1.1100
132	    59.04	 2.3010
133	    60.04	 9.5360
134	    60.60	 3.9430
135	    61.08	 2.3080
136	    61.42	 1.7090
137	    61.44	 0.3330
138	    61.60	 0.3600
139	    61.77	 3.1010
140	    61.82	 0.2000
141	    62.08	 1.6480
142	    62.47	 3.2900
143	    62.93	 1.8450
144	    64.20	 3.1900
145	    64.29	 6.9500
146	    64.48	 0.5100
147	    64.72	 1.1000
148	    65.10	 1.8090
149	    66.11	 4.3300
150	    66.95	 0.8400
151	    67.30	 2.5400
152	    67.51	 1.4780
153	    68.03	 4.8000
154	    68.56	 1.1120
155	    68.58	 2.3610
156	    68.79	 0.2580
157	    68.83	 0.5700
158	    69.15	 0.4310
159	    69.20	 3.1200
160	    69.75	 1.7100
161	    70.20	 2.1800
162	    70.34	 2.1430
163	    71.32	 1.1300
164	    71.99	 0.5010
165	    72.20	 0.3100
166	    72.74	 2.5930
167	    72.84	 2.2770
168	    73.17	 0.1200
169	    74.28	 0.1500
170	    74.50	 2.3900
171	    74.54	 0.8940
172	    75.25	 1.7100
173	    75.35	 0.9590
174	    77.28	 0.5240
175	    77.60	 1.5490
176	    77.64	 2.3610
177	    78.10	 2.1900
179	    78.39	 0.1120
180	    78.53	 1.2440
181	    80.56	 2.4300
182	    80.62	 0.4240
183	    80.68	 0.5300
184	    80.87	 5.6100
185	    80.95	 2.2190
186	    81.55	 2.2250
187	    82.54	 5.6890
188	    82.69	 0.5310
189	    83.14	 2.6110
190	    83.43	 5.8000
191	    84.18	 0.2050
192	    84.24	 1.2840
193	    84.28	 0.2600
194	    85.24	 0.1300
195	    85.54	 1.4200
196	    85.63	 1.3240
197	    85.81	 3.5100
198	    85.93	 0.7610
199	    86.34	 1.2030
200	    87.01	 0.1490
201	    87.03	 0.1200
202	    87.29	 0.3620
203	    87.80	 0.6510
204	    88.22	 1.4820
205	    88.55	 0.1500
206	    89.84	 0.1150
207	    90.33	 0.4720
208	    90.60	 0.3400
209	    91.48	 1.4000
210	    92.04	 4.8900
211	    93.03	 0.1600
212	    93.13	 0.7300
213	    93.22	 1.3700
214	    93.53	 3.2300
215	    93.99	 2.8980
216	    94.18	 9.9600
217	    94.30	 0.1790
218	    94.44	 1.5800
219	    95.03	 1.6700
220	    95.57	 0.4000
221	    95.74	 0.4150
222	    96.03	 0.9600
223	    96.21	 3.8350
224	    96.46	 2.4600
225	    97.42	 2.7870
226	    98.70	 1.1090
227	    99.23	 0.1800
228	    99.32	 1.2600
229	    99.57	 1.2400
230	    99.75	 1.4670
231	   100.89	 2.9300
232	   101.06	 2.1490
233	   101.12	 2.8000
234	   101.19	 1.8170
235	   101.48	 2.1810
236	   101.64	10.4600
237	   101.71	 0.5400
238	   102.00	 5.4210
239	   102.32	 0.3490
240	   102.98	 0.8060
241	   104.07	 2.6000
242	   106.60	 2.3200
243	   106.94	 1.0800
244	   107.23	 2.5230
245	   107.39	 0.3300
246	   107.53	 1.6400
247	   107.68	 6.0340
248	   107.76	 2.9690
249	   107.88	 2.2800
250	   107.93	 1.9500
251	   107.98	 6.2100
252	   108.47	 1.6100
253	   108.62	 0.7110
254	   108.66	 1.0100
255	   108.69	 1.0800
256	   109.48	 9.2300
257	   111.85	 1.4200
258	   112.88	 0.2780
259	   112.99	 2.6400
260	   113.64	 1.5450
261	   114.05	 0.2190
262	   114.14	 0.3910
263	   114.26	 3.1000
264	   115.05	 8.1400
265	   115.36	 0.4200
266	   115.83	 0.6800
267	   116.01	 0.9080
268	   117.52	 0.0680
270	   118.61	 1.9600
271	   118.94	 0.5200
272	   119.56	 0.5510
273	   120.12	 0.9800
274	   121.09	 2.2280
275	   121.11	 4.6140
276	   121.44	 2.2800
277	   121.68	 1.6000
278	   122.00	 2.2430
279	   122.41	 0.3990
280	   123.75	 2.6730
281	   124.83	 0.1190
282	   125.07	 1.7700
283	   125.11	 0.2660
284	   126.32	 1.4100
285	   126.44	 1.4790
286	   127.11	 0.9200
287	   127.20	 5.9390
288	   128.26	 1.0500
289	   128.58	 0.8960
290	   129.13	 0.3910
291	   129.53	 3.5810
292	   130.29	 6.6700
293	   131.33	 1.4990
294	   131.67	 1.2370
295	   132.68	 0.1130
296	   132.74	 2.3050
297	   134.83	 1.0220
298	   135.24	 2.0000
299	   136.60	 0.2020
300	   136.82	 0.6900
301	   137.01	 0.2200
302	   137.07	 0.2180
303	   137.14	 2.7300
304	   137.98	 8.0900
305	   138.07	 2.6300
306	   138.65	 1.2700
307	   138.69	 0.1400
308	   138.93	 0.4400
309	   139.10	 2.3800
310	   139.27	 1.5680
311	   139.73	 0.5300
312	   140.09	 6.3110
313	   140.91	 0.3600
314	   141.38	 0.4600
315	   142.11	 1.8820
316	   142.28	 2.3890
317	   142.87	 0.9890
318	   143.88	 0.3210
319	   145.06	 2.0600
320	   145.47	 3.3300
321	   146.29	 0.3260
322	   146.75	 0.6710
323	   148.06	 3.1200
324	   149.45	 3.4640
325	   149.51	 0.1790
326	   149.70	 0.9510
327	   149.82	15.0300
328	   149.93	 1.3600
329	   150.38	 2.9650
330	   151.06	 1.1400
331	   153.57	 0.5790
332	   154.46	 4.2600
333	   154.75	 0.9010
334	   154.82	 1.5200
335	   156.03	 0.1100
336	   156.44	 2.7330
337	   157.48	 0.2990
338	   158.64	 0.1110
339	   161.44	 0.9400
340	   162.11	 0.7170
341	   162.85	 1.9910
342	   163.06	 3.3300
343	   163.70	 0.2740
344	   164.31	 1.5430
345	   164.85	 0.4080
346	   165.62	 1.2990
347	   165.71	 1.2720
348	   166.42	 0.9110
349	   166.53	 1.4000
350	   166.97	 1.7290
351	   167.54	 0.1800
352	   167.63	 0.2790
353	   167.92	 0.4400
354	   168.39	 1.7430
355	   169.02	 2.5810
356	   171.03	 8.0900
357	   171.18	 3.2180
358	   171.24	 0.4620
359	   171.66	 0.5340
360	   173.12	 0.8070
361	   173.40	 0.4380
362	   174.05	 0.3410
363	   175.45	 7.4680
364	   175.57	 0.2890
365	   175.74	 4.9200
366	   175.88	 7.6390
367	   177.76	 0.9600
368	   177.85	 4.6300
369	   177.96	 3.7700
370	   178.51	 8.1000
371	   178.60	 1.3600
372	   178.98	 0.1900
373	   179.00	 1.4400
374	   179.14	 0.7800
375	   179.20	 2.3410
376	   179.25	 0.2100
377	   179.47	 0.1200
378	   179.66	 0.1200
379	   179.95	 6.4000
380	   180.05	 0.6900
381	   180.15	 1.5900
382	   180.44	 1.4610
383	   181.27	 0.9600
384	   181.54	 0.1900
385	   181.68	 0.8890
386	   182.29	 4.7370
387	   182.99	 0.1120
388	   183.42	 4.1140
389	   184.48	 2.6520
390	   185.90	 3.7610
391	   186.66	 1.9500
392	   186.87	 0.3070
393	   186.96	 2.9730
394	   187.10	 0.3500
395	   187.29	 0.1880
396	   187.68	 4.4300
397	   188.49	 0.2900
398	   188.54	 1.7100
399	   190.17	 1.4300
400	   191.65	 7.8610
401	   191.90	 0.5900
402	   192.04	 2.5080
403	   192.35	 1.1480
404	   192.81	 0.5820
405	   193.15	 0.9580
406	   193.62	 1.2600
407	   193.76	 0.1440
408	   194.20	 0.1620
409	   194.93	 5.1700
410	   195.58	 1.3080
411	   196.31	 0.1150
412	   196.33	 0.1860
413	   196.45	 0.1810
414	   196.94	 0.1220
415	   197.08	 6.0600
416	   197.11	 0.1160
417	   197.83	 3.2980
418	   198.96	 3.2440
419	   199.60	 1.8510
420	   200.24	 0.7770
421	   200.31	 0.3900
422	   200.53	 3.7390
423	   200.57	 0.3100
424	   200.83	 3.1800
425	   201.57	 0.7920
426	   202.13	 0.5400
427	   202.22	 2.2000
428	   202.47	 0.3490
429	   202.66	 0.7170
430	   202.80	 0.4380
431	   203.43	 7.7490
432	   204.05	 1.5800
433	   204.36	 4.9000
434	   204.80	 1.4890
435	   205.36	15.8800
436	   205.93	 2.0200
437	   206.07	 0.2820
438	   206.66	12.7600
439	   207.22	 2.1800
440	   207.43	 0.4800
441	   208.72	 2.3420
442	   209.09	 5.1500
443	   209.15	 0.2100
444	   209.67	 4.4120
445	   209.79	 0.1730
446	   209.95	 0.1200
447	   210.68	 0.3300
448	   210.72	 0.3820
449	   210.79	 0.5510
450	   211.21	 0.5700
451	   212.42	 8.6200
452	   212.54	 3.5500
453	   212.77	15.1610
454	   212.96	 2.9400
455	   213.51	 1.5460
456	   213.99	 0.1960
457	   214.19	 0.3020
458	   214.82	 1.9600
459	   215.13	 0.1110
460	   215.35	 1.7440
461	   215.76	 1.7000
462	   217.70	 1.9490
463	   218.46	 0.7300
464	   219.15	 2.7430
465	   219.17	 7.5830
466	   219.75	 4.1200
467	   220.00	 0.4110
468	   221.03	 2.7690
469	   221.35	 1.7470
470	   221.81	 0.9200
471	   222.52	 0.6290
472	   222.67	 2.0630
473	   223.92	 0.9800
474	   223.99	 1.9950
475	   224.88	 0.2800
476	   225.24	 1.0390
477	   225.54	 2.8480
478	   225.62	 4.1200
479	   226.24	 0.8400
480	   226.88	 2.2070
481	   226.94	 0.4720
482	   227.19	 2.5000
483	   227.35	 0.2310
484	   227.76	 0.2600
485	   228.25	 1.2370
486	   228.40	 3.0900
487	   228.48	 1.6600
488	   229.05	 1.0900
489	   229.11	 1.4730
490	   229.25	 0.6320
491	   229.54	 0.4330
492	   230.83	 1.1190
493	   231.17	 8.0160
494	   231.63	 0.6120
495	   232.12	 1.4100
496	   232.26	 0.8820
497	   232.46	 0.1470
498	   232.54	 0.4000
499	   232.88	 0.8180
500	   233.69	 0.4290
501	   234.55	 2.2410
502	   235.25	 3.4500
503	   235.34	 3.5010
504	   235.90	 0.3270
505	   236.78	 0.9010
506	   237.95	 0.3610
507	   238.34	 0.7910
508	   239.12	 4.2100
509	   239.94	 0.2980
510	   240.10	 2.0700
511	   241.38	 1.7590
512	   241.58	 0.8200
513	   241.84	 0.3600
514	   241.95	 2.0700
515	   242.05	 0.1200
516	   243.28	 2.7700
517	   243.79	 2.4420
518	   244.04	 0.8400
519	   244.83	 0.7270
520	   244.87	 2.6600
521	   245.21	 0.6600
522	   246.14	 0.4500
523	   246.19	 5.1530
524	   246.28	 0.1210
525	   246.64	 0.3830
526	   247.11	10.0080
527	   247.20	 1.6900
528	   247.31	 2.3270
529	   248.18	 1.1900
530	   248.36	 0.9420
531	   249.85	 0.9700
532	   250.26	 0.6350
533	   250.43	 0.9000
534	   250.79	 0.3900
535	   251.03	 1.3730
536	   251.20	 0.2360
537	   251.61	 0.2600
538	   252.19	 0.8900
539	   253.01	 0.5100
540	   253.27	 0.5980
541	   253.31	14.3920
542	   253.40	 1.3000
543	   254.09	 0.3510
544	   254.26	 0.2460
545	   255.52	 0.1190
546	   255.64	 1.0760
547	   255.68	 0.5500
548	   255.84	 6.3400
549	   256.04	 3.4370
550	   256.13	 6.5590
551	   257.23	 8.5990
552	   257.50	 0.2490
553	   258.87	 0.8900
554	   259.37	 1.3650
555	   259.49	 2.8390
556	   260.25	 0.5000
557	   260.97	 2.1090
558	   261.36	 0.7400
559	   261.77	 3.8380
560	   262.33	 0.2690
561	   263.42	 0.3690
562	   263.49	 0.7710
563	   263.60	 0.7910
564	   264.16	 6.1000
565	   264.41	 2.3820
566	   264.57	 0.9510
567	   264.62	 0.5980
568	   264.95	 2.6500
569	   265.44	 0.1200
570	   265.71	 2.0600
571	   266.05	 2.0700
572	   267.31	 0.7260
573	   268.62	 0.9800
574	   268.81	 0.4090
575	   269.37	 4.1570
576	   269.76	 1.3100
577	   270.69	 5.9190
578	   270.81	 0.3080
579	   270.92	 0.7760
580	   270.94	 0.5040
581	   271.68	 1.7820
582	   271.80	 5.1400
583	   273.75	 2.7530
584	   275.31	 1.7900
585	   275.40	 0.1890
586	   276.54	 1.0900
587	   277.13	 8.9210
588	   277.20	 4.0100
589	   277.42	 0.7270
590	   277.98	 1.1280
591	   278.42	 0.6710
593	   279.67	 3.1700
594	   280.76	 1.0300
595	   281.40	 5.2500
596	   282.53	15.5400
597	   283.02	 2.3710
598	   283.16	 0.9710
599	   283.33	 3.5600
600	   284.30	 0.5890
601	   284.61	 2.9600
602	   285.08	 3.0900
603	   285.47	 0.7830
604	   285.85	 5.3200
605	   286.89	 0.2100
606	   286.96	 4.9600
607	   287.17	 2.3800
608	   288.46	 1.2100
609	   289.44	 1.4790
610	   290.41	 2.9990
611	   290.77	 3.9300
612	   290.82	 0.1780
613	   291.35	 0.2890
614	   292.06	 0.5400
615	   293.82	 0.3000
616	   294.33	 8.0890
617	   294.40	 1.2480
618	   294.67	 3.8630
619	   295.00	 3.6000
620	   295.19	 0.6100
621	   295.47	 4.1200
622	   295.50	 2.0090
623	   295.62	 0.4390
624	   296.49	 4.5500
625	   296.65	 4.8300
626	   296.86	 2.7900
627	   297.75	 2.9000
628	   297.89	10.1380
629	   298.28	 0.2300
630	   298.33	 2.8160
631	   299.53	 0.5910
632	   299.93	 3.7600
633	   300.04	 0.2000
634	   300.08	 3.2000
635	   300.23	 5.2680
636	   300.63	 7.7220
637	   300.67	 0.4260
638	   300.99	 2.4000
639	   302.05	 2.9700
640	   302.39	 2.8190
641	   302.71	16.9760
642	   303.10	 0.6670
643	   303.18	 1.3300
644	   303.22	 0.3400
645	   304.27	 2.9980
646	   304.50	 5.7400
647	   305.66	 4.3600
648	   305.81	 2.6620
649	   306.00	 3.2910
650	   306.58	 0.7600
651	   306.95	 0.9700
652	   307.31	 0.3100
653	   307.65	 3.2330
654	   307.69	 0.2100
655	   308.53	 0.4720
656	   308.55	 1.2920
657	   309.04	 0.8520
658	   310.28	 2.3000
659	   311.24	 0.7300
660	   312.50	 1.6090
661	   313.24	 2.9220
662	   314.97	 0.1510
663	   315.18	 4.3800
664	   315.20	 1.4810
665	   316.62	 0.4300
666	   316.68	 1.0800
667	   317.97	 0.6300
668	   319.22	 0.9020
669	   319.61	 0.7670
670	   319.90	 1.0120
671	   320.27	 0.6400
672	   320.63	 2.4800
673	   320.97	 0.4920
674	   321.09	 0.5500
675	   321.23	 2.9420
676	   321.60	 1.6220
677	   321.84	 9.6700
678	   321.96	 0.6880
679	   322.87	 7.0830
680	   322.89	 6.1150
681	   323.03	12.3200
682	   323.57	 1.4230
683	   323.60	 1.8400
684	   323.84	10.0290
685	   324.19	 1.5610
686	   325.22	 0.3410
687	   325.49	 0.5290
688	   326.50	 2.3950
689	   326.56	 3.3600
690	   328.83	 3.4790
691	   329.73	 1.7010
692	   330.05	 1.5780
693	   332.03	 0.2090
694	   333.22	 2.2120
695	   333.54	 2.2000
696	   334.95	11.5830
697	   335.02	 1.5710
698	   335.43	 0.3810
699	   336.21	 1.8390
700	   336.46	 3.6410
701	   336.59	 3.3190
702	   337.14	 2.7200
703	   338.27	 1.2720
704	   338.61	 1.8000
705	   338.77	 0.3800
706	   339.46	 0.4000
707	   339.82	 0.2620
708	   339.91	 1.4540
709	   340.31	 0.7200
710	   340.79	 1.1920
711	   341.19	 3.4600
712	   341.57	 1.7900
713	   341.87	 1.1220
714	   341.93	 0.4010
715	   342.00	 2.4200
716	   342.04	 2.8200
717	   342.67	 0.8700
718	   343.59	 0.2400
719	   345.57	 6.7120
720	   346.78	 1.1710
721	   347.74	 0.2810
722	   348.49	 7.2110
723	   348.77	 1.5210
724	   349.17	 2.4100
725	   349.48	 1.2480
726	   349.77	 0.7900
727	   350.39	 9.0800
728	   350.42	 2.6000
729	   352.48	 0.7420
730	   352.57	 4.6550
731	   352.81	 3.7300
732	   353.06	 1.0580
733	   353.72	 2.4000
734	   353.93	 0.1200
735	   354.19	 1.9870
736	   354.38	 3.9800
737	   354.68	 1.7200
738	   355.21	 6.5300
739	   355.46	 0.1900
740	   355.92	 3.0750
741	   356.68	 0.5300
742	   357.04	 3.9210
743	   357.16	 1.7770
744	   357.52	10.2400
745	   358.56	 5.1020
746	   358.60	 7.2200
747	   358.74	 1.8200
748	   358.87	 2.1000
749	   358.92	 1.1400
750	   361.87	 2.6870
751	   362.31	 7.1800
752	   362.91	 6.5300
753	   363.15	 2.3300
754	   363.38	 0.4100
755	   363.75	 0.1100
756	   364.27	 1.7790
757	   364.75	 1.8230
758	   366.16	16.1420
759	   366.18	 0.2600
760	   366.24	 1.3470
761	   366.41	 0.8800
762	   367.03	 1.8700
763	   367.05	 1.3730
765	   367.30	 3.5000
766	   369.49	 3.6600
767	   369.87	 0.3700
768	   370.07	 3.0810
769	   370.41	 5.3900
770	   370.80	 1.6800
771	   370.86	 6.0250
772	   371.02	 1.2300
773	   372.04	 0.9800
774	   372.68	 0.2270
775	   373.01	 2.4200
776	   373.03	 2.9200
777	   373.27	 1.2910
778	   374.61	 0.2090
779	   375.12	 0.2160
780	   375.16	 1.4120
781	   375.37	 1.6200
782	   377.58	 0.5340
783	   377.92	 1.5600
784	   379.13	 0.1190
785	   379.42	 0.7400
786	   380.09	 2.7330
787	   380.23	 2.0810
788	   380.77	 7.5400
789	   381.14	 0.6410
790	   381.32	 4.3620
791	   381.34	 0.4340
792	   383.79	 2.5300
793	   384.14	 1.9780
794	   384.20	 0.1560
795	   385.61	 0.3000
796	   386.62	 6.2800
797	   387.68	 1.4900
798	   389.39	 0.3710
799	   389.66	 0.8480
800	   389.73	 5.2590
801	   389.82	 0.1140
802	   390.13	 3.9050
803	   390.94	 1.6700
804	   391.23	 1.1200
805	   391.28	 0.4300
806	   392.26	 1.1810
807	   392.62	11.6200
808	   392.69	 2.9900
809	   394.21	 1.3110
810	   395.01	 5.5100
811	   395.38	 1.7700
812	   395.57	 1.6800
813	   396.86	 0.6520
815	   397.29	 7.1900
816	   397.63	 1.4200
817	   398.44	 1.9700
818	   399.38	 6.4610
819	   399.55	 1.4030
820	   400.29	 0.4900
821	   400.77	 1.7580
822	   401.09	 1.8800
823	   401.56	 1.9800
824	   401.95	 6.0300
825	   402.33	 1.1280
826	   402.80	 0.1190
827	   403.12	 0.5810
828	   403.21	 0.2910
829	   403.45	 2.0500
830	   403.94	 3.0030
831	   404.18	 4.9480
832	   404.26	 3.3500
833	   404.68	 9.1110
834	   404.77	 2.1990
835	   405.44	 0.1310
836	   406.54	 2.9010
837	   407.61	 0.1180
838	   407.78	 0.1110
839	   408.06	 1.5200
840	   408.20	 0.1880
841	   408.40	 2.6000
842	   408.46	 3.6910
843	   409.15	12.1200
844	   409.49	 1.0490
845	   411.07	 1.5100
846	   411.51	 1.0700
847	   412.88	 0.1400
848	   412.91	 1.5900
849	   413.25	 2.5110
850	   413.27	 2.0900
851	   413.69	 1.1400
852	   413.86	 0.6910
853	   414.00	 0.4990
854	   414.38	 1.0420
855	   415.04	 1.0000
856	   416.03	 9.7110
857	   416.35	 1.8970
858	   417.21	 1.1070
859	   417.88	 1.9000
860	   418.11	 0.2800
861	   418.21	 0.1200
862	   418.38	 5.6290
863	   418.52	 3.0060
864	   418.85	 4.0110
865	   419.19	 4.5100
866	   419.29	 0.6110
867	   419.92	 0.1400
868	   420.06	 0.6230
869	   420.78	 1.1400
870	   420.84	 0.7920
871	   421.60	 2.7380
872	   421.67	 1.7450
873	   422.06	 1.7540
874	   422.16	 0.2890
875	   422.42	 1.8200
876	   423.85	 0.4200
877	   424.22	 1.7490
878	   424.35	 0.9400
879	   425.81	 0.1100
880	   426.66	 0.5300
881	   426.99	 0.4030
882	   427.08	 3.4400
883	   427.97	 0.3130
884	   428.19	 0.9950
885	   428.41	 5.4880
886	   428.50	 0.2100
887	   428.78	 2.4520
888	   429.03	 0.3870
889	   429.76	 1.3500
890	   429.98	11.9110
891	   430.22	 0.3530
892	   430.34	 6.6000
893	   430.77	 3.1920
894	   431.76	 1.4800
895	   431.90	 0.4500
896	   432.22	 0.1210
897	   432.74	 0.7600
898	   432.97	 2.0600
899	   434.11	 5.0300
900	   434.95	 1.0090
901	   435.04	 0.5700
902	   435.27	 0.9990
903	   435.30	 0.1900
904	   435.70	 9.8010
905	   436.85	 0.7500
906	   436.93	 3.6580
907	   438.62	 2.9700
908	   438.64	 0.5000
909	   438.95	 1.0700
910	   439.64	 1.8500
911	   439.76	 3.6500
912	   439.99	 0.5010
913	   440.14	 5.9290
914	   440.27	 0.9290
915	   440.64	 2.3730
916	   440.69	 0.7600
917	   440.75	 6.6510
918	   441.36	 0.5700
919	   441.88	 0.6970
920	   441.99	 1.0880
921	   442.06	 1.3690
922	   442.33	 0.1990
923	   442.54	 0.4690
924	   442.61	 0.6490
925	   442.85	 3.2040
926	   443.06	 1.2680
927	   443.40	 1.2210
928	   443.62	 2.6330
929	   443.70	 3.7900
930	   444.55	 0.1110
931	   444.76	 6.2120
932	   444.93	 2.0600
933	   444.96	 0.4330
934	   445.60	 3.9350
935	   445.77	 0.7690
936	   446.88	 1.3120
937	   447.13	 1.6870
938	   447.56	 3.0280
939	   447.92	 0.2900
940	   448.02	 1.8390
941	   448.21	 0.9500
942	   448.75	 0.1500
943	   449.14	 2.6590
944	   449.62	 0.8090
945	   450.59	 1.3000
946	   451.77	 9.6110
947	   451.79	 4.3700
948	   452.43	 0.4690
949	   453.04	 5.0600
950	   453.58	 1.7850
951	   453.63	 0.7010
952	   454.38	 2.0620
953	   454.58	 0.5300
954	   454.87	 3.2500
955	   455.00	 6.4980
956	   455.07	 0.9100
957	   456.46	 2.1090
958	   456.53	 6.4190
959	   456.61	 0.7600
960	   457.00	 0.1580
961	   458.27	 0.8800
962	   458.30	 2.1710
963	   458.35	 5.7490
964	   458.63	 0.1100
965	   458.75	 4.4900
966	   458.86	 4.9420
967	   459.25	 4.7890
968	   460.29	 2.0340
969	   460.79	 3.1300
970	   460.97	 1.6770
971	   461.14	 0.1210
972	   461.20	 0.3600
973	   461.60	 1.5400
974	   461.74	 0.7290
975	   461.83	 1.1800
976	   461.89	 1.9370
977	   462.65	 1.6950
978	   462.70	 1.0520
979	   463.29	 7.0050
980	   463.77	 0.9310
981	   464.09	 0.4800
982	   467.44	 0.1120
983	   467.63	 0.3240
984	   467.65	 0.7200
985	   467.88	 0.9510
986	   468.02	 1.2900
987	   468.74	 0.3920
988	   468.95	 2.1030
989	   468.97	 2.2810
990	   469.18	 4.2610
991	   469.43	 2.9220
992	   469.79	 1.2030
993	   470.26	 1.8830
994	   470.34	 0.1190
995	   470.58	 0.2240
996	   471.40	 1.5400
997	   471.84	 1.5740
998	   472.05	 0.3410
999	   472.81	 0.4420
1000	   473.03	 1.7790
1002	   474.29	 3.7600
1003	   474.68	 2.4000
1004	   474.74	 2.0220
1005	   475.26	 5.6000
1006	   475.48	 2.2400
1007	   475.99	 0.2890
1008	   476.77	 0.6100
1009	   476.87	 0.4960
1010	   477.00	 0.5720
1011	   477.34	 0.9100
1012	   477.66	 0.7510
1013	   477.93	 0.5880
1014	   478.15	 9.2190
1015	   478.34	 1.7970
1016	   478.82	 1.4800
1017	   479.46	 0.8160
1018	   479.92	 0.6400
1019	   479.99	 4.5890
1020	   480.21	 1.4000
1022	   480.62	 0.5200
1023	   481.46	 0.2870
1024	   481.55	 2.7390
1025	   481.84	 2.4890
1026	   482.05	 1.7700
1027	   482.32	 0.5910
1028	   483.41	 3.3090
1029	   483.54	 2.8600
1030	   483.56	 2.4480
1031	   484.65	 1.2800
1032	   484.71	 4.6900
1033	   484.80	 0.5520
1034	   486.56	 0.3100
1035	   486.80	 1.7100
1036	   487.99	 1.6600
1037	   488.10	 4.4490
1038	   489.36	 0.7400
1039	   489.68	 4.8460
1040	   489.71	 1.6080
1041	   489.88	 0.9450
1042	   489.90	 1.4650
1043	   490.66	 1.8400
1044	   490.83	 0.2610
1045	   493.55	 1.8050
1046	   493.67	 0.8700
1047	   493.86	 0.7510
1048	   494.13	 3.6700
1049	   494.15	 1.6600
1050	   494.63	 4.5510
1051	   495.14	 0.9410
1052	   495.88	 2.1890
1053	   496.49	 4.6280
1054	   496.56	 5.7490
1055	   496.67	 1.6300
1056	   497.56	 1.2100
1057	   498.01	 0.5910
1058	   498.52	 0.8840
1059	   499.13	 1.7150
1060	   501.29	 5.1710
1061	   501.46	 0.7120
1062	   503.04	 1.2500
1063	   503.10	 5.6800
1064	   503.95	 1.5490
1065	   504.06	 1.2600
1066	   504.80	 1.3330
1067	   505.16	10.0680
1068	   505.28	 1.2660
1069	   506.09	 1.0310
1070	   506.45	 0.4200
1071	   506.90	 2.6410
1072	   506.99	 0.3160
1073	   507.37	 1.3000
1074	   507.66	 4.4500
1075	   508.63	 0.3430
1076	   508.90	 0.1120
1077	   508.99	 1.3510
1078	   509.23	 0.1500
1079	   509.27	 2.7800
1080	   510.70	 1.2340
1081	   510.74	 0.9000
1082	   511.46	 0.1210
1083	   511.82	 2.7300
1084	   512.18	 0.1800
1085	   512.70	 1.5490
1086	   512.97	 1.9980
1087	   513.05	 0.2330
1088	   513.09	 1.5900
1089	   513.56	 0.5900
1090	   514.10	 0.1300
1091	   514.12	 4.4630
1092	   514.16	 3.1110
1093	   514.74	 3.1800
1094	   515.08	 3.0930
1095	   515.15	 1.6250
1096	   515.34	 5.9710
1097	   515.38	 0.2390
1098	   515.65	 8.2700
1099	   516.66	 0.1190
1100	   516.98	 1.0070
1101	   517.16	 1.4190
1102	   517.35	 0.3400
1103	   517.77	 0.5680
1104	   517.85	 0.4310
1105	   518.34	 0.4000
1106	   518.43	 1.9000
1107	   518.87	 3.0100
1108	   519.07	 1.4900
1109	   519.21	 0.1200
1110	   519.27	 0.1390
1111	   520.44	 2.4510
1112	   520.67	 0.3100
1113	   521.91	 0.2610
1114	   522.25	 0.3200
1115	   523.03	 1.1150
1116	   523.22	 0.8370
1117	   523.26	 2.2700
1118	   523.66	 2.9330
1119	   523.80	 0.5800
1120	   524.48	 1.5110
1121	   524.52	 4.5150
1122	   525.68	 2.7000
1123	   525.73	 0.7700
1124	   525.92	 6.2500
1125	   526.70	 3.1220
1126	   527.05	 0.1990
1127	   528.40	 0.2300
1128	   528.60	 1.6510
1129	   529.24	 2.2000
1130	   529.32	 0.3200
1131	   529.61	 0.9100
1132	   529.83	11.8300
1133	   530.22	 1.0900
1134	   531.51	 3.4100
1135	   532.50	 0.3920
1136	   532.74	 1.8190
1137	   533.25	 1.0200
1138	   533.89	 0.6600
1139	   533.95	 5.6690
1140	   534.30	 0.5900
1141	   534.63	 0.2000
1142	   534.72	 2.0500
1143	   534.93	 2.4300
1144	   535.63	 3.8030
1145	   535.79	 7.2650
1146	   536.58	 5.6900
1147	   537.17	 0.2200
1148	   537.21	 2.5020
1149	   538.19	 1.1010
1150	   538.26	13.0200
1151	   538.95	 4.2900
1152	   539.14	 3.5680
1153	   539.50	 0.2100
1154	   539.63	 2.6190
1155	   541.53	 4.7770
1156	   541.62	 2.6900
1157	   542.49	 2.2220
1158	   543.84	 3.7720
1159	   544.33	 0.2210
1160	   544.82	 2.1600
1161	   545.79	 2.0300
1162	   546.12	 1.5700
1163	   546.14	 2.4400
1164	   546.56	 5.7400
1165	   546.59	 1.5700
1166	   547.08	 0.4150
1167	   547.27	 0.6200
1168	   548.31	 1.2580
1169	   548.93	 5.0000
1170	   549.79	 3.0600
1171	   549.81	 0.4280
1172	   550.46	 0.9800
1173	   551.01	 2.9880
1174	   551.54	 4.2880
1175	   551.59	 2.0140
1176	   551.98	 1.1810
1177	   552.11	 0.6900
1178	   552.58	 1.7300
1179	   552.94	 0.4700
1180	   553.26	 0.6020
1181	   553.89	 1.8030
1182	   553.93	 2.0700
1183	   554.33	 0.6700
1184	   554.69	 2.9100
1185	   554.88	 1.5900
1186	   554.92	 0.7900
1187	   558.50	 3.5900
1188	   558.52	 3.5690
1189	   558.63	 1.2200
1190	   558.67	 1.1390
1191	   559.01	 1.0900
1192	   559.67	12.4200
1193	   559.81	 4.9510
1194	   560.16	 0.2200
1195	   560.81	 1.2700
1196	   560.93	 0.7000
1197	   561.02	 3.6910
1198	   561.12	 2.3500
1199	   561.16	 2.8600
1200	   561.29	 1.1100
1201	   561.69	 2.1420
1202	   562.80	 1.1700
1203	   562.93	 0.6500
1204	   563.35	 1.6080
1205	   565.06	 2.4910
1206	   566.55	 5.8020
1207	   567.34	 0.4510
1208	   567.75	 4.2100
1209	   568.41	 0.1190
1210	   568.53	 3.2500
1211	   569.04	 0.2800
1212	   569.26	 4.0630
1213	   569.77	 1.1800
1214	   569.89	 0.7490
1215	   569.91	 2.1700
1216	   569.94	 2.7400
1217	   570.49	 0.7600
1218	   570.65	14.2500
1219	   570.84	 3.5680
1220	   570.95	 0.2500
1221	   571.09	 0.9020
1222	   571.41	 1.7500
1223	   571.88	 0.7800
1224	   572.32	 1.3600
1225	   572.66	 1.3920
1226	   573.09	 1.6400
1227	   573.58	 3.8490
1228	   573.83	 0.5600
1229	   573.97	 2.0560
1230	   574.30	 0.6700
1231	   574.45	 0.8990
1232	   574.96	 2.7490
1233	   575.23	 0.1700
1234	   575.39	 0.9400
1235	   576.35	 0.1200
1236	   576.76	 3.7800
1237	   577.48	 0.8400
1238	   577.54	 2.1090
1239	   577.91	 1.1600
1240	   578.05	 1.4300
1241	   578.44	 2.2200
1242	   578.76	 0.3520
1243	   578.84	 0.5750
1244	   579.63	 1.9310
1245	   581.12	 0.1350
1246	   581.36	 0.2600
1247	   581.50	 2.4080
1248	   581.79	 1.0190
1249	   582.68	 0.6570
1250	   583.05	 0.8800
1251	   583.70	 1.7300
1252	   583.85	 1.1010
1253	   583.99	 2.3300
1254	   584.50	 0.1750
1255	   584.60	 0.6600
1256	   585.73	 3.1410
1257	   585.82	 3.1180
1258	   585.86	 2.1740
1259	   586.17	 1.3700
1260	   587.46	 3.4980
1261	   588.85	 2.1380
1262	   588.96	 0.2800
1263	   589.10	 1.7880
1264	   589.12	 0.9200
1265	   589.24	 6.5520
1266	   590.55	 0.1110
1267	   590.61	 0.5220
1268	   590.80	 1.3200
1269	   591.07	 2.8300
1270	   591.31	 0.3600
1271	   591.35	 3.5120
1272	   592.61	 0.7120
1273	   592.97	 0.3320
1274	   592.99	 1.7400
1275	   593.06	 2.0500
1276	   593.10	 1.9990
1277	   593.29	 1.0100
1278	   593.48	 0.3120
1279	   593.97	 0.9890
1280	   594.95	 1.0830
1281	   595.02	 0.8500
1282	   595.34	 1.9200
1283	   596.00	 2.0000
1284	   596.14	 3.5190
1285	   597.02	 0.4300
1286	   597.24	 1.9700
1287	   598.33	 1.9100
1288	   599.44	 0.5400
1289	   599.55	 6.1210
1290	   600.27	 4.7610
1291	   600.41	 3.2600
1292	   602.04	 7.9690
1293	   602.08	 0.4800
1294	   603.12	 2.0790
1295	   603.44	 0.4300
1296	   603.70	 2.7590
1297	   604.91	 0.2820
1298	   605.16	 0.9030
1299	   606.47	 0.6610
1300	   606.58	 4.8140
1301	   606.99	 0.1910
1302	   607.90	 0.1430
1303	   608.75	 4.1100
1304	   609.20	 7.0600
1305	   609.23	 1.7670
1306	   610.63	 0.7600
1307	   610.98	 0.2610
1308	   611.59	 4.1800
1310	   612.89	 0.6530
1311	   612.91	 2.9420
1312	   615.37	 1.2340
1313	   615.63	 0.2100
1314	   615.95	 0.5290
1315	   616.18	 1.2800
1316	   616.97	 3.2970
1317	   617.49	 0.1910
1318	   618.45	 0.2690
1319	   619.09	 1.1660
1320	   619.65	 4.5460
1321	   619.71	 0.5400
1322	   620.35	 7.3790
1323	   620.42	 2.3040
1324	   621.48	 0.5290
1325	   621.67	 1.9910
1326	   622.44	 1.2600
1327	   622.68	 0.6300
1328	   623.44	 0.6400
1329	   623.65	 0.7790
1330	   624.47	 0.5400
1331	   624.61	 1.0510
1332	   624.94	 0.6400
1333	   624.98	 0.9810
1334	   625.20	 0.7020
1335	   627.10	 1.5500
1336	   627.90	 1.1890
1337	   628.29	13.6900
1338	   628.32	 3.8100
1339	   628.74	 6.6470
1340	   628.90	 0.7690
1341	   629.45	 1.5500
1342	   629.93	 0.3560
1343	   630.47	 1.1810
1344	   630.79	 0.6500
1345	   630.85	 2.3510
1346	   631.09	 1.9490
1347	   631.11	12.6000
1348	   631.85	 9.6300
1349	   632.18	 0.6000
1350	   632.87	 0.5510
1351	   635.18	 0.3500
1352	   635.22	 0.1500
1353	   635.42	 5.1390
1354	   635.63	 5.8680
1355	   635.74	16.9720
1356	   635.89	 0.7780
1357	   636.20	 0.8300
1358	   636.52	 0.1150
1359	   637.78	 0.4600
1360	   637.82	 0.5000
1361	   638.03	 1.4910
1362	   638.81	 0.7270
1363	   639.48	 1.6690
1364	   640.24	 0.1400
1365	   640.88	 1.9910
1366	   641.39	 2.0100
1367	   643.78	 1.0520
1368	   644.44	 8.7110
1369	   645.13	 1.5810
1370	   645.59	 2.5000
1371	   646.28	 0.1500
1372	   646.42	 4.0890
1373	   646.76	 5.5500
1374	   647.00	 0.1790
1375	   647.37	 2.3400
1376	   647.71	 4.1100
1377	   648.29	 3.5200
1378	   648.49	 0.3970
1379	   648.97	11.2690
1380	   649.73	 4.4950
1381	   650.13	 2.1400
1382	   650.16	 6.5700
1383	   650.56	 1.9450
1384	   650.94	 2.8010
1385	   651.56	 2.0040
1386	   652.38	 4.1900
1387	   652.54	 0.1140
1388	   654.50	 1.5600
1389	   654.59	 0.4200
1390	   655.55	 2.2200
1391	   657.51	 6.7200
1392	   657.75	 3.7500
1393	   658.06	 0.1200
1394	   658.13	 0.2600
1395	   658.34	 1.5120
1396	   659.66	 1.3390
1397	   659.69	 1.9600
1398	   660.59	 4.8800
1399	   660.67	 0.5100
1400	   661.71	 1.7100
1401	   662.00	 0.5900
1402	   662.26	 3.5000
1403	   662.65	 0.3200
1404	   662.67	 4.4810
1405	   664.68	 2.9800
1406	   664.84	 1.7580
1407	   665.13	 1.1910
1408	   666.80	 0.3420
1409	   668.48	 5.8530
1410	   668.85	 1.4870
1411	   669.14	 0.6700
1412	   669.77	 0.1290
1413	   669.82	 0.7010
1414	   669.93	 2.3510
1415	   670.72	 3.1400
1416	   671.01	 1.1730
1417	   671.25	 1.4120
1418	   671.31	 0.8820
1419	   672.42	 0.1680
1420	   672.58	 7.7990
1421	   672.66	 1.1950
1422	   673.17	 7.9700
1423	   673.45	 1.0690
1424	   673.48	 3.6720
1425	   673.69	 1.6560
1426	   674.92	 4.5800
1427	   675.37	 0.8800
1428	   675.96	 3.6070
1429	   677.71	 0.2610
1430	   677.75	 1.1750
1431	   678.02	 6.4310
1432	   678.04	 1.6000
1433	   678.68	 0.6600
1434	   679.24	 0.2600
1435	   681.20	 1.2490
1437	   683.23	 2.2300
1438	   683.27	 1.5680
1439	   683.35	 2.1700
1440	   683.49	 1.2700
1441	   683.71	 1.4060
1442	   684.25	 0.7820
1443	   685.27	 2.7660
1444	   685.40	 1.0800
1445	   685.47	 0.7600
1446	   686.80	 0.8590
1447	   686.82	 3.8610
1448	   686.96	 0.3210
1449	   687.45	 1.1850
1450	   688.24	 1.2230
1451	   688.42	 0.3000
1452	   688.84	 0.5800
1453	   689.05	 0.8500
1454	   689.65	 1.3800
1455	   690.26	 3.0510
1456	   690.30	 1.1900
1457	   690.89	 3.5250
1458	   690.92	 2.5610
1459	   690.96	 2.7010
1460	   691.08	 3.0400
1461	   691.84	 0.8300
1462	   692.45	 2.6810
1463	   692.85	12.6300
1464	   693.24	 0.6700
1465	   693.43	 1.7700
1466	   694.68	 5.6070
1467	   694.78	 1.2450
1468	   695.96	 0.3340
1469	   696.75	 1.4450
1470	   697.44	 0.1200
1471	   697.86	 2.1900
1472	   698.89	 2.8530
1473	   699.43	 0.1100
1474	   699.80	 7.3290
1475	   699.99	 0.2930
1476	   700.67	 0.5700
1477	   701.73	 0.6210
1478	   702.78	 0.7100
1479	   704.19	 5.4160
1480	   704.25	 2.2900
1481	   704.66	 3.3090
1482	   706.57	 0.8960
1483	   706.59	 0.6370
1484	   707.35	 0.3300
1485	   707.77	 1.2780
1486	   708.60	 2.3480
1487	   708.89	 0.1140
1488	   709.19	 2.2700
1489	   709.52	 2.2100
1490	   710.79	 9.2500
1491	   712.49	 0.3670
1492	   712.89	 2.6100
1493	   713.83	 0.8300
1494	   714.81	 5.0690
1495	   715.02	 1.0400
1496	   715.15	 5.5460
1497	   715.83	 0.1100
1498	   716.62	 6.3960
1499	   716.81	11.4410
1500	   717.30	 0.9900
1501	   717.72	 2.8900
1502	   718.31	 3.9080
1503	   719.51	 1.1300
1504	   719.73	 0.1410
1505	   720.40	 1.2770
1506	   720.70	 1.8820
1507	   720.80	 3.8400
1508	   722.06	 7.1500
1509	   722.28	 1.2600
1510	   723.58	 0.4970
1511	   723.93	 0.8100
1512	   724.36	 2.2300
1513	   724.45	 0.3390
1514	   724.75	 0.5600
1515	   725.06	 0.1200
1516	   726.08	 0.3880
1517	   726.59	 0.7110
1518	   726.61	 4.8550
1519	   727.24	 0.4650
1520	   727.53	 0.9920
1521	   727.95	 1.6310
1522	   728.41	 3.1040
1523	   728.70	 0.9600
1524	   728.99	 0.4900
1525	   729.08	 6.2200
1526	   729.25	 2.9710
1527	   729.51	 2.4200
1528	   729.77	 4.1130
1529	   730.14	 0.1120
1530	   730.30	 0.6020
1531	   730.40	 0.5300
1532	   730.68	 3.6210
1533	   731.13	 3.1600
1534	   731.39	 3.5400
1535	   732.33	 1.9200
1536	   733.00	 0.1310
1537	   733.03	 1.4980
1538	   733.74	 0.4900
1539	   734.71	 0.5500
1540	   734.92	 0.1210
1541	   736.01	 0.1380
1542	   736.20	 6.5000
1543	   736.87	 1.5510
1544	   736.98	 1.0390
1545	   737.32	 4.5090
1546	   738.33	 3.0500
1547	   738.45	 0.2080
1548	   739.02	 0.5590
1549	   739.10	 2.1360
1550	   740.27	 4.5680
1551	   740.68	10.2090
1552	   740.80	 0.7910
1553	   740.84	 2.1200
1554	   741.07	 1.3190
1555	   742.83	 1.4930
1556	   743.15	 0.4000
1557	   743.64	 2.4300
1558	   744.00	 1.1500
1559	   744.07	 4.3500
1560	   745.03	 0.3010
1561	   745.10	 0.7610
1562	   745.12	 0.5500
1563	   745.78	 3.5900
1564	   746.25	 0.7210
1565	   746.48	 1.6100
1566	   746.50	 0.1100
1567	   747.04	 1.7390
1568	   748.29	 0.3560
1569	   748.39	 3.2200
1570	   749.33	 1.0880
1571	   749.52	 2.5490
1572	   749.91	 2.2910
1573	   750.35	 7.2200
1574	   750.59	 3.3620
1575	   751.17	 0.1880
1576	   751.34	 0.3600
1577	   751.51	 0.9900
1578	   752.29	 4.2890
1579	   752.33	 0.8200
1580	   752.35	 5.2900
1581	   752.42	 3.3010
1582	   752.46	 8.8810
1583	   752.75	 6.9630
1584	   753.42	 0.3230
1585	   753.48	 0.6900
1586	   753.76	 2.8700
1587	   755.28	 2.3090
1588	   755.36	 1.5960
1589	   755.88	 1.3280
1590	   756.19	 2.7790
1591	   756.46	 1.2610
1592	   756.70	12.3100
1593	   756.74	 4.5180
1594	   757.28	 2.0310
1595	   757.82	 2.9700
1596	   758.34	 0.8600
1597	   759.09	 2.2980
1598	   759.16	 7.2100
1599	   759.25	 3.8560
1600	   759.69	 2.5100
1601	   760.90	 1.8440
1602	   761.97	 0.7600
1603	   762.28	 0.1210
1604	   762.49	 3.6200
1605	   762.63	 0.1100
1606	   762.82	 0.9900
1607	   763.44	 0.1100
1608	   763.53	 0.4420
1609	   763.89	 0.4880
1610	   764.39	 0.1190
1611	   764.78	 1.1660
1612	   764.86	 0.2140
1613	   764.91	 1.4600
1614	   765.55	 3.6810
1615	   766.06	 0.3200
1616	   767.35	 0.7780
1617	   767.44	 0.6240
1618	   767.58	 2.4310
1619	   768.04	 1.0900
1620	   768.20	 4.0610
1621	   768.40	13.0790
1622	   768.73	 0.5620
1623	   768.75	 0.7890
1624	   768.82	 0.7690
1625	   770.69	 2.7970
1626	   771.46	 3.6360
1627	   772.42	 0.1200
1628	   772.69	 2.2300
1629	   772.95	 5.6890
1630	   773.26	 0.7820
1631	   773.40	 3.2300
1632	   773.65	 0.1700
1633	   774.19	 0.5370
1634	   774.77	 0.4220
1635	   775.07	 3.4270
1636	   775.90	 0.3200
1637	   776.24	 3.6300
1638	   776.73	 1.2710
1639	   777.47	 0.2390
1640	   777.64	 0.8530
1641	   778.17	 0.5830
1642	   778.37	 1.7970
1643	   778.51	 0.9600
1644	   778.86	 2.5020
1645	   779.00	 2.7200
1646	   779.02	 1.4610
1647	   779.70	 0.2600
1648	   780.60	 5.1210
1649	   782.23	 0.6800
1650	   782.97	 0.1210
1651	   783.86	 5.4880
1652	   784.84	 0.5600
1653	   784.98	13.3890
1654	   785.20	 0.1700
1655	   785.69	 0.4070
1656	   785.85	 0.7000
1657	   785.94	 4.2800
1658	   786.40	 2.5090
1659	   786.47	 3.7790
1660	   786.61	 0.6700
1661	   787.28	 5.7330
1662	   787.48	10.5000
1663	   789.19	 1.8100
1664	   789.66	 2.3710
1665	   790.30	 1.3580
1666	   790.54	 0.5070
1667	   790.80	 0.6720
1668	   791.04	 0.7350
1669	   792.23	 0.1820
1670	   792.80	 0.2940
1671	   792.96	 1.0920
1672	   793.22	10.2970
1673	   793.27	 0.6120
1674	   793.73	 0.9320
1675	   793.85	 1.6690
1676	   793.91	 2.5500
1677	   794.52	 0.1300
1678	   794.94	 1.2300
1679	   795.95	 3.1600
1680	   796.00	 0.8300
1681	   796.49	 1.5170
1682	   796.77	 0.4100
1683	   798.15	 0.2770
1684	   798.32	 3.6300
1685	   798.49	 3.4100
1686	   798.98	 1.6380
1687	   799.31	 2.4890
1688	   800.32	 0.3830
1689	   800.74	 1.1790
1690	   800.83	 0.7950
1691	   800.95	 1.3500
1692	   801.12	 2.0870
1693	   801.93	 1.2910
1694	   801.97	 0.4150
1695	   802.03	 0.4010
1696	   802.13	 0.1780
1697	   802.17	 5.0800
1698	   803.43	 1.4300
1699	   803.79	 0.1200
1700	   804.41	 0.9600
1701	   804.57	 3.9470
1702	   804.74	 0.1730
1703	   805.03	 5.5400
1704	   805.19	 1.1300
1705	   805.21	 0.1200
1706	   805.32	 1.3590
1707	   806.09	 0.1200
1708	   806.90	 0.1100
1710	   807.11	10.4860
1711	   807.47	 2.5400
1712	   807.81	 1.5200
1713	   807.88	 5.4490
1714	   809.09	 2.4770
1715	   810.18	 5.3620
1716	   810.86	 6.3600
1717	   811.58	 4.4300
1718	   811.97	 1.0810
1719	   812.19	 3.1000
1720	   812.40	 0.6000
1721	   812.61	 2.6900
1722	   812.63	 0.7600
1723	   813.41	 1.6520
1724	   813.60	 1.7180
1725	   813.82	 1.8000
1726	   814.16	 0.8170
1727	   815.74	 1.1310
1728	   816.48	 0.6100
1729	   816.98	 1.2610
1730	   817.03	 1.5790
1731	   817.28	 0.6600
1732	   818.77	 0.8100
1733	   820.30	 8.0580
1734	   820.74	 0.9550
1735	   820.80	 3.7680
1736	   821.19	 0.2520
1737	   821.89	 3.4620
1738	   823.45	 0.4700
1739	   823.78	 2.7300
1740	   823.85	 0.1200
1741	   823.92	 4.1700
1742	   824.11	 0.8990
1743	   824.14	 1.1900
1744	   825.48	 0.5700
1745	   825.53	 0.9600
1746	   825.63	 0.5400
1747	   826.02	 0.5970
1748	   826.64	 2.1420
1749	   826.86	 0.1920
1750	   828.12	 1.5000
1751	   828.93	 0.6190
1752	   830.06	 2.0210
1753	   830.36	 1.0000
1754	   830.52	 4.1390
1755	   830.96	 1.6300
1756	   831.10	 0.6900
1757	   831.52	 1.9200
1758	   831.55	 1.3830
1759	   831.63	 3.1700
1760	   831.71	 1.1120
1761	   831.86	 2.1990
1762	   831.97	 3.8610
1763	   832.85	 0.4820
1764	   833.14	 0.1760
1765	   833.41	 2.8800
1766	   833.59	 3.5230
1767	   834.18	 2.5400
1768	   834.85	 7.0680
1769	   835.48	 2.9020
1770	   836.67	 3.7100
1771	   836.87	 1.4300
1772	   837.11	 0.3210
1773	   838.22	 2.6300
1774	   838.66	 0.2700
1775	   838.97	 1.2300
1776	   839.23	 3.3400
1777	   839.30	 1.9790
1778	   839.32	 0.2400
1779	   839.53	 6.9110
1780	   839.99	 3.9300
1781	   840.64	 0.1990
1782	   840.67	 0.2190
1783	   841.17	 2.6500
1784	   842.58	 0.5990
1785	   843.39	 0.9900
1786	   844.18	 3.5250
1787	   844.76	 8.8510
1788	   844.81	 0.3900
1789	   844.97	 0.3700
1790	   846.65	 0.8890
1791	   847.09	 2.4510
1792	   847.14	 6.1730
1793	   848.12	 2.3710
1794	   848.32	 1.3600
1795	   849.02	 2.3110
1796	   849.31	 2.6710
1797	   849.36	 0.9900
1798	   849.63	 5.0460
1799	   849.89	 0.4150
1800	   849.93	 0.6160
1801	   850.37	 0.3900
1802	   851.15	 2.2900
1803	   851.17	 0.9100
1804	   854.77	 0.1130
1805	   855.01	 1.2740
1806	   855.21	 1.0100
1807	   855.99	 0.7300
1808	   856.20	 1.3600
1809	   856.32	 1.6820
1810	   856.81	 0.1180
1811	   856.90	 0.7400
1812	   856.95	 1.3240
1813	   857.65	 5.1400
1814	   857.73	 0.6910
1815	   858.78	 0.3000
1816	   859.22	 0.8200
1817	   859.56	 0.3020
1818	   860.15	 4.2100
1819	   860.66	 1.8600
1820	   861.13	 2.5900
1821	   861.47	 1.2610
1822	   861.98	 1.7110
1823	   862.47	 1.5290
1824	   862.59	 0.2110
1825	   863.02	 0.1160
1827	   863.78	 6.1690
1828	   863.97	 2.8010
1829	   864.36	 0.3930
1830	   864.46	 0.2890
1831	   865.34	 7.0300
1832	   865.41	 0.9920
1833	   865.70	 2.3970
1834	   865.77	 0.1300
1835	   867.02	 0.5200
1836	   867.57	 0.1200
1837	   868.65	 3.8800
1838	   868.84	 2.9900
1839	   868.96	 0.1200
1840	   869.20	 1.2300
1841	   869.63	 6.6600
1842	   869.77	 2.8200
1843	   870.94	 9.1810
1844	   871.23	 3.9110
1845	   871.32	 3.9090
1846	   871.90	 5.4470
1847	   872.87	 0.3400
1848	   873.51	 0.4900
1849	   873.75	 0.9680
1850	   874.16	 2.6740
1851	   874.38	 2.2000
1852	   874.46	 2.6600
1853	   875.08	 1.8900
1854	   875.89	 0.1300
1855	   876.93	 2.5210
1856	   877.16	 5.8190
1857	   877.98	 7.2220
1858	   878.30	 1.6100
1859	   880.08	 3.4020
1860	   880.45	 6.1530
1861	   881.00	 1.6300
1862	   881.15	 3.5910
1863	   881.27	 3.6620
1864	   881.41	 0.5600
1865	   881.70	 9.3280
1866	   881.74	 1.8880
1867	   882.40	16.1400
1868	   882.67	 1.3500
1869	   882.86	 2.0920
1870	   882.94	 0.1100
1871	   883.26	 0.9890
1872	   883.75	 3.3390
1873	   883.87	 0.9500
1874	   883.96	 0.1800
1875	   884.99	 1.2900
1876	   885.36	 1.9200
1877	   885.67	 1.8630
1878	   885.92	 3.3800
1879	   886.38	 0.2200
1880	   886.49	 1.2640
1881	   887.18	 6.0100
1882	   887.27	 3.9860
1883	   888.02	 1.0700
1884	   888.23	 1.6050
1885	   888.44	 2.5540
1886	   889.40	 1.7300
1887	   890.72	 2.8000
1888	   890.78	 0.6700
1889	   892.22	 9.3300
1890	   892.71	 0.5910
1891	   893.22	 0.2400
1892	   893.51	 2.3500
1893	   894.08	 2.7210
1894	   894.37	 0.9220
1895	   894.85	 1.9800
1896	   894.93	 3.9990
1897	   895.06	 0.2670
1898	   896.13	 3.5280
1899	   896.34	 1.3750
1900	   897.40	 5.8300
1901	   897.92	 0.8000
1902	   898.21	 2.7900
1903	   898.67	 1.5900
1904	   898.91	 0.9740
1905	   899.28	 2.2000
1906	   899.37	 0.1190
1907	   900.00	 2.1290
1908	   900.39	 0.8900
1909	   900.88	 6.4120
1910	   901.03	 3.7350
1911	   901.41	 0.3700
1912	   902.40	 1.2620
1913	   902.87	 0.9700
1914	   902.96	 1.5400
1915	   904.32	 0.5500
1916	   904.41	 5.8880
1917	   905.79	 7.4120
1918	   906.28	 0.8270
1919	   906.85	 3.1100
1920	   907.01	 1.0700
1921	   907.25	 0.8100
1923	   909.28	 0.6200
1924	   910.32	 3.0100
1925	   910.59	 6.3900
1926	   911.70	 6.0180
1927	   912.04	 3.4700
1928	   912.10	 0.4990
1929	   912.67	 0.6270
1930	   914.06	 0.7500
1931	   915.06	 1.1500
1932	   915.60	 0.1100
1933	   916.87	 0.1190
1934	   917.08	 1.5260
1935	   917.18	 1.0630
1936	   919.00	 0.6950
1937	   919.32	 4.7920
1938	   920.53	 2.1720
1939	   921.05	 2.6500
1940	   921.54	 0.1180
1941	   922.25	 1.4640
1942	   923.39	 1.7000
1943	   924.08	 4.4880
1944	   924.51	 0.2060
1945	   924.78	 0.5790
1946	   925.54	 0.9780
1947	   925.64	 5.9310
1948	   925.87	 1.8190
1949	   926.52	 2.5200
1950	   926.63	 2.6600
1951	   926.94	 1.4900
1952	   927.43	 1.6690
1953	   927.72	 1.5140
1954	   928.16	 0.4640
1955	   928.68	 1.2590
1956	   928.84	 4.1200
1957	   929.06	 2.3700
1958	   930.30	 2.1410
1959	   930.59	 0.4400
1960	   931.89	 4.5660
1961	   931.91	 4.3000
1962	   931.95	 2.4070
1963	   933.21	 6.8500
1964	   933.50	 1.8190
1965	   934.12	 0.5980
1966	   935.60	 2.1230
1967	   935.82	 0.2170
1968	   936.45	 5.6900
1969	   936.55	 0.5390
1970	   937.08	 1.2590
1971	   937.53	 0.1190
1972	   937.56	 0.5830
1973	   937.61	 1.5450
1974	   937.67	 2.7900
1975	   938.86	 1.0250
1976	   938.92	 1.5610
1977	   939.28	 2.5700
1978	   939.48	 1.6090
1979	   940.57	 4.5350
1980	   940.65	 0.6800
1981	   941.18	 3.0800
1982	   941.29	 0.4300
1983	   941.89	 1.1000
1984	   942.12	 4.3600
1985	   942.46	 1.3550
1986	   944.47	 3.0210
1987	   944.84	 1.0590
1988	   945.01	 2.6900
1989	   945.42	 1.0600
1990	   945.44	 3.0800
1991	   946.27	13.0980
1992	   946.57	 6.6380
1993	   946.95	 0.4920
1994	   947.34	 2.0060
1995	   947.83	 0.5600
1996	   948.12	 4.5790
1997	   948.29	 3.0280
1998	   948.95	 0.6920
1999	   949.64	 2.3610
2000	   949.85	 0.8300
2001	   951.37	 1.9030
2002	   951.85	 1.3180
2003	   952.94	 2.9230
2004	   953.18	 3.2700
2005	   953.95	 0.2590
2006	   955.26	 0.3290
2007	   955.62	 2.9780
2008	   956.25	 1.0500
2009	   956.42	 1.0220
2010	   956.64	 3.7600
2011	   957.03	10.4190
2012	   958.74	 0.8170
2013	   959.73	 1.7400
2014	   961.53	 0.5500
2015	   962.22	 1.4200
2016	   962.24	 6.4760
2017	   962.88	 0.1200
2018	   963.39	 5.3930
2019	   964.33	 1.0630
2020	   965.22	 0.7000
2021	   965.66	 4.7130
2022	   965.69	 3.6300
2023	   965.81	 2.1400
2024	   966.28	 6.2900
2025	   966.39	 0.5510
2026	   966.56	 0.1110
2027	   966.62	 0.1820
2028	   967.04	 2.1020
2029	   967.45	 1.0400
2030	   967.91	 0.3680
2031	   968.05	 0.4500
2032	   968.20	 0.3640
2033	   968.96	 1.3600
2034	   969.12	 1.4210
2035	   969.48	 0.5060
2036	   970.68	 2.1980
2037	   971.07	 0.9100
2038	   972.33	 0.1790
2039	   972.57	 1.6300
2040	   972.65	 8.2000
2041	   972.87	10.8320
2042	   973.09	 5.3800
2043	   973.33	 1.7260
2044	   974.27	 0.7440
2045	   974.91	 2.7980
2046	   975.45	 3.7700
2047	   975.58	 0.6300
2048	   975.63	 0.5710
2049	   975.76	 0.2010
2050	   976.26	 0.9950
2051	   977.39	 0.7430
2052	   977.43	 1.0300
2053	   977.64	 0.4100
2054	   978.26	 5.2590
2055	   978.68	 0.2400
2056	   981.43	 0.9460
2057	   981.55	 1.6100
2058	   982.11	 0.1120
2059	   982.55	 3.1560
2060	   982.57	 2.5780
2061	   982.70	 1.2600
2062	   982.82	 0.2470
2063	   982.84	 3.6000
2064	   982.90	 7.1100
2065	   983.14	 0.2160
2066	   983.29	 1.1900
2067	   983.43	 0.8200
2068	   983.92	 0.3190
2069	   984.65	14.0410
2070	   985.02	 3.0100
2071	   986.03	 3.5000
2072	   987.14	 3.6100
2073	   987.71	 1.8680
2074	   987.90	 1.4580
2075	   988.23	 1.9920
2076	   988.83	 1.3500
2077	   989.81	 4.3000
2078	   991.50	 2.0470
2079	   991.73	 1.6610
2080	   991.75	 0.6500
2081	   992.77	 0.8300
2082	   994.53	 0.4380
2083	   994.82	 1.2510
2084	   995.16	 1.6510
2085	   996.62	 2.9800
2086	   997.03	 0.4270
2087	   997.44	 0.5030
2088	   997.76	 0.2620
2089	   999.64	 0.9690
2090	   999.76	 2.1600
2091	   999.87	 0.5530
2092	  1000.04	 0.6090
2093	  1000.23	 1.1800
2094	  1000.29	 1.7480
2095	  1001.38	 0.4600
2096	  1001.65	 0.6920
2097	  1002.24	 0.8200
2098	  1002.38	 7.2870
2099	  1003.53	 3.2820
2100	  1003.70	 8.9900
2101	  1003.77	 1.9900
2102	  1003.80	 0.4100
2103	  1003.87	 2.5420
2104	  1004.21	 0.1200
2105	  1004.40	 0.7590
2106	  1004.67	 1.5290
2107	  1004.98	 4.2130
2108	  1005.12	 7.0110
2109	  1005.21	 0.2800
2110	  1005.52	 1.7000
2111	  1006.16	 2.9900
2112	  1006.18	 3.4420
2113	  1006.62	 0.2110
2114	  1006.69	 0.1100
2115	  1007.04	11.0700
2116	  1007.59	13.9320
2117	  1008.65	17.3690
2118	  1008.74	 5.1190
2119	  1009.36	 0.5380
2120	  1009.42	 0.2520
2121	  1009.51	 3.0700
2122	  1009.65	 0.9850
2123	  1010.57	 0.1190
2124	  1010.71	 1.2330
2125	  1011.49	 0.9000
2126	  1011.73	 2.1010
2127	  1011.97	10.4950
2128	  1012.82	 0.2070
2129	  1012.88	 0.2100
2130	  1012.93	 1.1900
2131	  1013.10	 0.6180
2132	  1013.19	 0.7490
2133	  1013.52	 3.2000
2134	  1014.01	 3.1320
2135	  1014.15	 0.8760
2136	  1014.32	 6.0400
2137	  1014.52	 1.0800
2138	  1014.71	 0.1200
2139	  1014.99	 1.4440
2140	  1015.71	 0.9400
2141	  1015.80	 0.3100
2142	  1017.03	 1.1400
2143	  1019.06	 0.6860
2144	  1019.11	 0.2000
2145	  1019.67	 0.1100
2146	  1019.69	 4.6110
2147	  1019.73	 3.6800
2148	  1020.12	 5.0770
2149	  1020.38	 3.3000
2150	  1021.04	 0.3800
2151	  1021.28	 0.7130
2152	  1021.30	 2.6800
2153	  1021.79	 1.7370
2154	  1022.53	 0.2010
2155	  1022.57	 1.3600
2156	  1022.95	 3.3840
2157	  1024.61	 1.0900
2158	  1026.20	 1.1480
2159	  1026.54	 1.0390
2160	  1026.61	 1.0900
2161	  1027.10	 0.9380
2162	  1027.13	 0.4900
2163	  1028.00	 0.9700
2164	  1030.51	 2.7270
2165	  1031.07	 1.5090
2166	  1031.66	 0.1130
2167	  1032.17	 1.9390
2168	  1032.19	 2.7600
2169	  1032.87	 0.1120
2170	  1033.16	 2.0630
2171	  1033.34	 4.7540
2172	  1034.71	 1.9860
2173	  1036.40	 1.0300
2174	  1036.62	 0.5300
2175	  1036.88	 2.4780
2176	  1036.95	 0.1190
2177	  1037.16	 9.0300
2178	  1037.87	 7.1700
2179	  1039.07	 0.6570
2180	  1040.38	 2.5590
2181	  1040.66	 1.7500
2182	  1040.68	 3.8230
2183	  1041.04	 2.3360
2184	  1041.33	 2.1130
2185	  1041.90	 1.0300
2186	  1042.01	 1.2180
2187	  1042.41	 1.8700
2188	  1042.67	 2.2500
2189	  1042.94	 8.9970
2190	  1043.52	 1.5200
2191	  1044.56	 2.5860
2192	  1044.97	 2.8300
2193	  1045.29	 1.3190
2194	  1045.31	 0.1130
2195	  1045.42	 0.9490
2196	  1045.59	 0.7940
2197	  1046.05	 4.5270
2198	  1046.12	 2.3500
2199	  1046.24	 5.5670
2200	  1046.37	 1.1910
2201	  1046.71	 2.3660
2202	  1046.78	 0.4280
2203	  1046.84	 0.7300
2204	  1047.38	 0.1130
2205	  1048.31	 2.5810
2206	  1048.68	 0.3130
2207	  1049.32	 0.3100
2208	  1049.43	10.5500
2209	  1050.20	 1.7600
2210	  1050.64	 4.2500
2211	  1050.80	 0.6310
2212	  1050.97	 1.6900
2213	  1051.51	 2.0470
2214	  1051.55	 0.9400
2215	  1051.63	 0.3490
2216	  1052.12	 0.8180
2217	  1052.29	 0.3510
2218	  1052.42	 0.3050
2219	  1052.49	 0.8300
2220	  1053.61	 2.4800
2221	  1054.07	 0.9500
2222	  1054.38	 0.1270
2223	  1054.55	 2.5330
2224	  1054.69	 2.8090
2225	  1055.00	 2.5190
2226	  1055.12	 1.0600
2227	  1056.48	 2.4790
2228	  1057.52	 0.1210
2229	  1058.04	 2.8700
2230	  1058.15	 0.1290
2231	  1059.05	 0.3610
2232	  1059.30	 2.8100
2233	  1059.56	 1.4100
2234	  1059.75	 5.1910
2235	  1060.01	 2.2380
2236	  1060.09	 0.7500
2237	  1060.42	 0.4490
2238	  1060.46	 3.2590
2239	  1060.66	 0.7910
2240	  1060.70	 1.2900
2241	  1060.83	 0.3200
2242	  1061.55	 4.3790
2243	  1061.71	 0.1490
2244	  1062.85	 7.3010
2245	  1063.12	 0.3100
2246	  1063.65	 0.3890
2247	  1063.72	 1.2480
2248	  1064.98	 0.3580
2249	  1065.23	 1.2480
2250	  1065.37	 2.4330
2251	  1065.68	 0.5070
2252	  1067.51	 0.7960
2253	  1067.58	 5.8400
2254	  1067.79	 1.5900
2255	  1067.84	 0.8800
2256	  1068.10	 0.4800
2257	  1068.94	 1.3400
2258	  1069.50	 3.2290
2259	  1069.89	14.4410
2260	  1070.26	 3.4820
2261	  1070.45	 0.1410
2262	  1070.67	 2.8050
2263	  1072.06	 7.3600
2264	  1072.32	 8.0500
2265	  1072.76	 0.1120
2266	  1072.82	 2.5180
2267	  1073.47	 0.3600
2268	  1073.56	 8.3090
2269	  1074.06	 1.6800
2270	  1074.48	 2.0100
2271	  1074.76	 2.4100
2272	  1075.15	 1.9320
2273	  1076.22	 0.6380
2274	  1076.43	 4.8400
2275	  1076.63	 0.5800
2276	  1076.74	 1.3200
2277	  1077.15	 0.1310
2278	  1077.82	 0.2900
2279	  1077.89	10.7890
2280	  1078.18	 0.9880
2281	  1078.29	 0.6910
2283	  1079.12	 0.6240
2284	  1079.59	 1.4250
2285	  1079.65	 1.8800
2286	  1080.11	 0.1280
2287	  1080.28	 0.3360
2288	  1080.54	 1.3880
2289	  1080.66	 1.8900
2290	  1080.92	 0.7880
2291	  1081.19	10.3200
2293	  1081.46	 0.3800
2294	  1081.57	 2.6910
2295	  1081.69	 1.1200
2296	  1081.82	 2.3560
2297	  1081.94	 4.4920
2298	  1082.46	 0.3150
2299	  1082.80	 1.3200
2300	  1083.06	 0.1580
2301	  1083.20	 3.0300
2302	  1083.82	 0.1140
2303	  1085.25	 4.0300
2304	  1085.61	 1.5500
2305	  1086.48	 6.6200
2306	  1086.62	 0.2280
2307	  1086.88	 1.9100
2308	  1087.65	 1.3300
2309	  1087.71	 0.5310
2310	  1087.75	14.9500
2311	  1088.44	 0.8930
2313	  1088.65	 4.3870
2314	  1088.74	 0.2600
2315	  1088.91	 0.9500
2316	  1090.05	 0.1700
2317	  1090.07	 0.2400
2318	  1091.12	 0.1310
2319	  1091.94	 9.1690
2320	  1092.11	 0.2350
2321	  1093.07	 4.1320
2322	  1093.11	 4.8000
2323	  1093.50	 0.5710
2324	  1093.59	 5.1790
2325	  1093.88	 0.9700
2326	  1094.07	 6.1690
2327	  1094.18	 1.9150
2328	  1094.30	 3.0850
2329	  1094.86	 0.9600
2330	  1096.10	 0.3300
2331	  1096.49	 1.7560
2332	  1096.63	 1.5400
2333	  1096.65	 0.8410
2334	  1096.92	 0.4770
2335	  1097.25	 0.8700
2336	  1097.27	 2.0700
2337	  1097.61	 3.6760
2338	  1098.25	 3.5500
2339	  1098.61	 0.2200
2340	  1099.65	 1.3200
2341	  1100.32	 0.4290
2342	  1100.70	 0.2690
2343	  1100.82	 1.7760
2344	  1100.93	 1.2800
2345	  1101.19	 0.9290
2346	  1101.68	 0.5500
2347	  1101.70	 0.1190
2348	  1102.31	 1.4000
2349	  1102.70	 0.1830
2350	  1102.74	 0.1100
2351	  1103.15	 0.2900
2352	  1103.25	 0.1230
2353	  1103.66	 0.7340
2354	  1103.82	 1.6900
2355	  1104.46	 3.8350
2356	  1105.13	 3.1900
2357	  1105.57	 1.3800
2358	  1105.88	 2.7400
2359	  1106.25	 3.2710
2360	  1107.15	 0.7530
2361	  1107.25	 1.8810
2362	  1107.32	 4.2210
2363	  1107.92	 0.9760
2364	  1108.59	 0.1100
2365	  1108.71	 2.6300
2366	  1109.14	 0.7190
2367	  1109.23	 1.0610
2368	  1109.43	 2.8720
2369	  1109.64	 2.3600
2370	  1110.58	 0.6940
2371	  1110.79	 0.9500
2372	  1111.34	 1.6010
2373	  1111.67	 3.5910
2374	  1112.27	 5.1000
2375	  1114.00	 0.8590
2376	  1114.86	 0.7300
2377	  1115.15	11.3610
2378	  1115.21	 2.2980
2379	  1115.30	 0.5280
2380	  1115.50	 1.6900
2381	  1115.58	10.5090
2382	  1115.81	 0.1100
2383	  1115.89	 0.1200
2384	  1116.95	 0.1180
2385	  1117.60	 2.1820
2386	  1117.64	 2.2290
2387	  1117.85	 0.1200
2388	  1118.07	 3.5300
2389	  1118.20	 3.2550
2390	  1118.29	 2.2700
2391	  1118.38	 0.9470
2392	  1118.40	 0.9300
2393	  1118.57	 6.4000
2394	  1118.71	 0.5100
2395	  1119.59	 2.4030
2396	  1120.18	 3.9300
2397	  1120.72	 1.4590
2398	  1120.88	 5.1800
2399	  1121.03	 6.6800
2400	  1121.71	 0.1400
2401	  1122.01	 0.2590
2402	  1124.63	 0.1150
2403	  1124.68	 0.4900
2404	  1124.88	 0.6500
2405	  1125.12	 3.4400
2406	  1126.24	 1.9960
2407	  1127.00	 5.5600
2408	  1127.04	11.6850
2409	  1127.25	 0.6390
2410	  1127.40	 4.2510
2411	  1127.51	 4.0600
2412	  1128.80	 0.4880
2413	  1128.86	 1.7610
2414	  1129.62	 0.6260
2415	  1130.07	 0.4420
2416	  1131.12	 4.3410
2417	  1131.84	 1.7980
2418	  1132.30	 1.1590
2419	  1132.57	 0.1790
2420	  1132.68	 0.7500
2421	  1132.83	 0.8290
2422	  1133.11	 2.0300
2423	  1133.75	 3.2400
2424	  1134.19	 3.8700
2425	  1134.34	 5.6500
2426	  1134.38	 0.5400
2427	  1134.59	 3.1570
2428	  1135.36	 1.9620
2429	  1135.42	 6.7700
2430	  1135.91	 1.8400
2431	  1136.08	 0.1310
2432	  1136.46	 1.4410
2433	  1136.50	 3.1400
2434	  1137.40	 1.4300
2435	  1137.98	 1.2600
2436	  1138.30	 0.1200
2437	  1138.41	 3.4800
2438	  1138.88	 0.8080
2439	  1139.11	 0.5600
2440	  1139.38	 1.2320
2441	  1139.45	 2.4500
2442	  1139.83	 5.9500
2443	  1140.17	 0.2800
2444	  1140.66	 0.1600
2445	  1140.78	 2.8390
2446	  1141.41	 0.8100
2447	  1141.98	 6.7300
2448	  1142.45	 1.9700
2449	  1142.71	 0.2140
2450	  1143.37	 0.7280
2451	  1143.51	 3.2600
2452	  1144.00	 1.3460
2453	  1144.27	 0.1200
2454	  1144.56	 4.2400
2455	  1145.42	 2.3500
2456	  1145.49	 0.1520
2457	  1146.52	 1.1420
2458	  1146.84	 0.1400
2459	  1146.93	 2.1000
2460	  1147.01	 1.4500
2461	  1148.92	 1.6090
2462	  1149.32	 1.4460
2463	  1149.55	 1.5470
2464	  1149.70	 7.3500
2465	  1149.73	 1.0800
2466	  1150.30	 0.1410
2467	  1150.59	 0.4700
2468	  1150.85	 0.8300
2469	  1151.22	 1.7000
2470	  1151.33	 1.3300
2471	  1151.72	 2.6800
2472	  1151.96	 3.0710
2473	  1152.23	 1.2860
2474	  1152.32	 0.1700
2475	  1152.38	 9.9990
2476	  1152.75	 2.7710
2477	  1152.97	 1.2400
2478	  1153.58	 2.3400
2479	  1153.95	 0.8890
2480	  1154.04	 0.6100
2481	  1154.08	 1.2390
2482	  1156.40	 2.9080
2483	  1156.60	 2.2800
2484	  1156.76	 0.8700
2485	  1158.50	 1.3700
2486	  1159.03	 1.9510
2487	  1159.05	 1.4040
2488	  1160.04	 0.1100
2489	  1160.06	 0.4800
2490	  1160.34	 3.4310
2491	  1160.41	 0.6490
2492	  1161.95	 0.5900
2493	  1162.58	 2.3010
2494	  1163.10	 2.3500
2495	  1163.49	 2.4810
2496	  1163.83	 0.3800
2497	  1163.87	 1.8900
2498	  1164.19	 2.8410
2499	  1164.30	 1.9000
2500	  1164.32	 0.5900
2501	  1165.30	 5.9900
2502	  1165.37	 0.8190
2503	  1165.43	 0.9890
2504	  1166.67	 2.0890
2505	  1167.25	 0.2780
2506	  1168.47	 2.7960
2507	  1169.05	 3.8100
2508	  1169.18	10.7820
2509	  1169.32	 0.9350
2510	  1169.55	 0.9900
2511	  1169.70	 1.8000
2512	  1170.08	 5.8760
2513	  1170.15	 1.4690
2514	  1170.31	 0.2090
2515	  1170.58	 0.1180
2516	  1170.63	 0.6300
2517	  1171.43	 5.6600
2518	  1171.98	 7.5400
2519	  1172.16	 0.1110
2520	  1172.31	 3.6270
2521	  1172.74	 1.2100
2522	  1172.76	 2.6010
2523	  1173.45	 0.4500
2524	  1173.62	 8.7290
2525	  1173.65	 4.0640
2526	  1174.02	 0.5100
2527	  1174.51	 0.9100
2528	  1175.28	 1.7900
2529	  1175.41	 2.6410
2530	  1175.60	 0.1770
2531	  1175.64	 4.6660
2532	  1175.93	 3.1850
2533	  1177.12	 9.2220
2534	  1177.38	 0.2300
2535	  1177.67	 2.4800
2536	  1179.28	 1.7800
2537	  1179.72	 1.7530
2538	  1179.99	 1.0410
2539	  1180.53	 2.2800
2540	  1181.19	 1.3800
2541	  1181.25	 0.1360
2542	  1182.39	 0.7650
2543	  1182.61	 4.8310
2544	  1182.80	 0.6600
2545	  1183.06	 0.4600
2546	  1183.28	12.9200
2547	  1183.87	 0.5040
2548	  1184.03	 1.9000
2549	  1185.21	 1.4870
2550	  1185.38	 0.1900
2551	  1185.42	 2.4600
2552	  1186.14	 0.2210
2553	  1186.74	 4.6300
2554	  1187.01	 0.1190
2555	  1187.15	 0.1200
2556	  1188.19	 6.5990
2557	  1188.35	 3.0000
2558	  1188.60	 0.9200
2559	  1188.78	 0.6860
2560	  1189.20	 6.1210
2561	  1190.26	 0.3400
2562	  1190.92	 4.3000
2563	  1191.14	 3.1800
2564	  1191.53	 1.6320
2565	  1191.84	 1.2310
2566	  1191.99	 1.0390
2567	  1192.58	 2.4400
2568	  1192.77	 3.8320
2569	  1193.00	 0.2100
2570	  1193.02	 2.6790
2571	  1193.11	 0.7580
2572	  1193.35	 0.4500
2573	  1193.44	 0.2200
2574	  1194.76	 2.8500
2575	  1195.77	 0.6710
2576	  1196.26	 3.5600
2577	  1197.02	 2.2060
2578	  1197.48	 0.3810
2579	  1197.68	 6.0510
2580	  1198.38	 6.6400
2581	  1198.92	 1.3150
2582	  1199.07	 0.2290
2583	  1199.16	 0.4600
2584	  1199.32	 5.6110
2585	  1199.64	 0.1310
2586	  1199.97	 0.5000
2587	  1200.02	 0.6800
2588	  1200.46	 0.8610
2589	  1201.25	 2.0800
2590	  1201.73	 1.7610
2591	  1202.12	 2.3960
2592	  1202.53	 1.3420
2593	  1202.71	 0.1210
2594	  1203.39	 0.9290
2595	  1203.60	 0.2900
2596	  1203.87	 2.5800
2597	  1204.29	 0.1280
2598	  1204.85	 0.6300
2599	  1205.51	 0.2200
2600	  1205.56	 1.5870
2601	  1205.67	 1.8830
2602	  1206.04	 3.8010
2603	  1206.92	 3.2700
2604	  1207.19	 0.9600
2605	  1207.26	 4.8200
2606	  1207.29	 2.1680
2607	  1207.53	 6.0610
2608	  1208.73	 0.1980
2609	  1209.28	 1.1490
2610	  1209.70	 0.4480
2611	  1210.19	 2.3990
2612	  1210.83	 2.0200
2613	  1211.04	 2.0950
2614	  1211.26	 0.1200
2615	  1212.74	 0.6580
2616	  1213.15	 2.5970
2617	  1213.42	 1.1900
2618	  1213.98	 0.6370
2619	  1215.07	 2.4050
2620	  1215.36	 8.3600
2621	  1215.51	 1.0840
2622	  1215.60	 0.9330
2623	  1216.09	 0.5600
2624	  1216.38	 1.7490
2625	  1216.44	 0.1550
2626	  1216.58	 3.0900
2627	  1216.75	 3.2170
2628	  1217.21	 2.6400
2629	  1218.15	 2.1900
2630	  1218.34	 2.9430
2631	  1218.51	 0.4500
2632	  1218.94	 2.7410
2633	  1219.49	 2.7300
2634	  1221.24	 0.5700
2635	  1221.28	 1.9930
2636	  1222.04	 0.8900
2637	  1222.46	 0.3000
2638	  1222.48	 0.3700
2639	  1223.99	 0.1610
2640	  1224.13	 0.1200
2641	  1224.30	 0.1100
2642	  1224.44	 0.5800
2643	  1225.42	 0.1800
2644	  1225.48	 8.5830
2645	  1225.68	 1.3940
2646	  1225.77	 1.7800
2647	  1226.40	 1.6190
2648	  1226.95	 0.2430
2649	  1227.99	 1.0300
2650	  1228.07	 0.6080
2651	  1228.11	 1.1400
2652	  1229.03	 0.1210
2653	  1229.19	 2.5390
2654	  1230.11	 3.0900
2655	  1230.60	 0.1410
2656	  1230.93	 0.1620
2657	  1231.82	 7.0200
2658	  1231.91	14.6390
2659	  1233.43	 0.4130
2660	  1233.67	 1.2410
2661	  1233.73	 1.0440
2662	  1234.64	 1.8900
2663	  1234.81	 1.0850
2664	  1234.90	 0.5950
2665	  1234.97	 3.5800
2666	  1235.92	 0.5400
2667	  1236.17	 0.5120
2668	  1237.21	 0.9910
2669	  1239.19	 5.4300
2670	  1239.65	 0.8400
2671	  1240.24	 2.4190
2672	  1240.58	 2.1910
2673	  1240.60	 0.6700
2674	  1240.88	 0.8710
2675	  1241.18	 0.8430
2676	  1241.47	 0.5700
2677	  1242.65	 2.0000
2678	  1243.81	 0.2100
2679	  1243.85	 0.5300
2680	  1244.44	 0.7390
2681	  1245.03	 1.7800
2682	  1245.09	 0.8900
2683	  1245.94	 0.1300
2684	  1246.62	 3.0000
2685	  1247.51	 6.2100
2686	  1248.27	 0.8040
2687	  1248.56	 0.5300
2688	  1249.35	 0.1400
2690	  1250.63	 2.7500
2691	  1251.42	 4.6900
2692	  1252.04	 0.1140
2693	  1252.32	 1.0550
2694	  1252.61	 0.7300
2695	  1252.64	 3.5400
2696	  1252.93	 2.5800
2697	  1253.38	 0.6310
2698	  1253.83	 0.9700
2699	  1254.07	 4.9400
2700	  1254.23	 4.1600
2701	  1254.40	 2.8670
2702	  1255.43	16.5800
2703	  1256.08	 2.9640
2704	  1256.37	 0.6530
2705	  1256.46	 3.5010
2706	  1256.65	 0.7300
2707	  1256.94	 1.4580
2708	  1257.55	 4.0000
2709	  1258.06	 3.5940
2710	  1258.28	 0.9100
2711	  1258.35	 1.7290
2712	  1258.59	 1.3180
2713	  1259.07	 8.7210
2714	  1259.98	 4.8700
2715	  1260.50	 1.7630
2716	  1261.51	 4.6900
2717	  1262.13	 4.5700
2718	  1262.66	 0.1110
2719	  1263.33	 5.9900
2720	  1263.72	 0.9360
2721	  1264.56	 4.5830
2722	  1264.80	 0.3200
2723	  1264.83	 3.7900
2724	  1264.92	 3.0310
2725	  1265.12	 0.8020
2726	  1265.28	 5.6650
2727	  1265.54	 0.6500
2728	  1266.04	 8.9830
2729	  1266.28	 0.8110
2730	  1266.92	 2.1110
2731	  1267.10	 5.5300
2732	  1267.55	 0.5100
2733	  1270.03	 0.1770
2734	  1270.39	 0.5200
2735	  1270.51	 0.1400
2736	  1270.74	 0.1100
2737	  1270.78	 1.0270
2738	  1271.17	 4.0100
2739	  1271.79	 3.5510
2740	  1271.96	 2.1710
2741	  1272.74	 5.0800
2742	  1273.40	 1.3430
2743	  1274.00	 0.9830
2744	  1274.68	 5.4900
2745	  1275.92	 0.4580
2746	  1276.09	 1.7100
2747	  1276.50	 1.8850
2748	  1276.89	 0.5100
2749	  1277.02	 2.8300
2750	  1277.66	 1.7750
2751	  1277.91	 2.2090
2752	  1279.69	 2.3220
2753	  1279.85	10.4510
2754	  1279.90	 0.1200
2755	  1279.92	 2.7170
2756	  1280.13	 0.1190
2757	  1280.24	 0.7010
2758	  1280.78	 1.2860
2759	  1282.05	 0.2800
2760	  1282.41	 0.4000
2761	  1283.45	 1.3990
2762	  1284.18	 0.5530
2763	  1284.27	 1.3900
2764	  1284.61	 3.2700
2765	  1285.02	 4.0100
2766	  1285.17	 5.3690
2767	  1285.26	 2.3560
2768	  1285.45	 0.1990
2769	  1285.64	 1.4200
2770	  1285.90	 0.3570
2771	  1286.09	 1.6410
2772	  1286.69	 1.2610
2773	  1286.78	 0.1720
2774	  1286.84	 2.2640
2775	  1288.02	 1.1410
2776	  1288.16	 0.1400
2777	  1288.30	 4.5100
2778	  1288.56	 2.5000
2779	  1288.63	 0.1710
2780	  1288.77	 2.3890
2781	  1288.81	 0.5300
2782	  1289.15	 0.1600
2783	  1290.09	 1.1400
2784	  1290.73	 0.7380
2785	  1290.81	 2.6120
2786	  1291.37	 3.0370
2787	  1291.94	 1.5800
2788	  1291.98	 6.9700
2789	  1292.35	 3.8710
2790	  1292.68	 0.1200
2791	  1293.37	 0.9690
2792	  1293.97	 5.8500
2793	  1294.10	 1.2500
2794	  1294.37	 0.3500
2795	  1294.93	 0.3690
2796	  1295.38	 0.6110
2797	  1295.56	 0.8410
2798	  1296.67	 0.8680
2799	  1297.46	 2.5680
2800	  1297.62	 0.1600
2801	  1297.79	 1.7420
2802	  1297.85	 4.8920
2803	  1298.17	 4.3810
2804	  1298.74	 1.4690
2805	  1299.75	 1.4670
2806	  1299.94	 1.2320
2807	  1300.08	 0.8500
2808	  1300.15	 0.2400
2809	  1302.10	 6.2210
2810	  1302.39	 0.9230
2811	  1302.78	 2.4680
2812	  1302.82	 0.1600
2813	  1303.19	 3.0000
2814	  1303.30	 4.0240
2815	  1303.45	 0.3300
2816	  1304.11	 3.2900
2817	  1304.80	 1.0370
2818	  1304.98	 1.1510
2819	  1305.15	 1.0390
2820	  1305.84	 8.4730
2821	  1306.98	 0.1210
2822	  1307.21	 2.6490
2823	  1307.45	 1.7900
2824	  1307.52	 2.0710
2825	  1308.16	 4.9590
2826	  1308.45	 0.4100
2827	  1308.62	 0.1710
2828	  1308.91	 0.2600
2829	  1309.12	 2.3670
2830	  1309.98	 0.8840
2831	  1310.17	 1.9100
2832	  1310.72	 0.5190
2833	  1311.08	 0.6180
2834	  1311.56	 2.0400
2835	  1311.95	 3.4470
2836	  1312.89	 0.7800
2837	  1312.95	 1.8700
2838	  1314.21	 0.2940
2839	  1314.31	 1.7840
2840	  1315.10	 3.1950
2841	  1315.24	 2.3610
2842	  1315.70	 0.3090
2843	  1316.69	 0.1300
2844	  1317.03	 2.6450
2845	  1317.19	 2.6490
2846	  1317.93	 3.1000
2847	  1318.05	 2.2400
2848	  1318.85	 1.3900
2849	  1318.89	 1.1900
2850	  1320.61	 1.6600
2851	  1321.00	 1.3250
2852	  1321.51	 2.5130
2853	  1321.92	 0.1110
2854	  1322.59	 8.0230
2855	  1323.94	 0.7120
2856	  1324.16	 0.1200
2857	  1325.45	 2.4680
2858	  1325.86	 1.5910
2859	  1326.87	 1.7000
2860	  1327.06	 2.5500
2861	  1327.61	 2.2520
2862	  1327.69	 7.4800
2863	  1327.78	 0.4900
2864	  1328.45	 0.7900
2865	  1328.89	 0.4780
2866	  1329.97	 6.6110
2867	  1330.39	 1.4240
2868	  1331.40	 1.3000
2869	  1331.80	 2.6200
2870	  1332.08	 1.1000
2871	  1333.19	 1.6100
2872	  1335.73	 0.4500
2873	  1336.41	 5.7300
2874	  1336.73	 2.8890
2875	  1336.90	 0.4000
2876	  1337.19	 1.9100
2877	  1337.35	 0.4460
2878	  1337.69	 0.5990
2879	  1338.40	 2.8740
2880	  1338.85	 6.8900
2881	  1338.96	 0.8600
2882	  1339.67	 0.9780
2883	  1339.92	 3.1900
2884	  1341.25	 1.5310
2885	  1341.67	 1.9140
2886	  1341.83	 1.5000
2887	  1342.60	 0.8000
2888	  1342.64	 2.5610
2889	  1342.80	 2.1300
2890	  1342.99	 1.7800
2891	  1343.95	 0.1200
2892	  1344.36	 0.7400
2893	  1344.93	 1.7020
2894	  1345.17	 2.1710
2895	  1345.28	 4.1390
2896	  1345.37	 5.7650
2897	  1346.19	13.0200
2898	  1346.36	 0.6860
2899	  1346.47	 4.1800
2900	  1347.01	 1.9790
2901	  1347.35	 2.2410
2902	  1347.37	 1.8500
2903	  1347.48	 0.1190
2904	  1347.65	 4.2500
2905	  1348.08	 0.1390
2906	  1349.81	 0.1620
2907	  1350.03	 1.5800
2908	  1350.64	 2.9820
2909	  1351.28	 0.1500
2910	  1352.15	 1.4880
2911	  1352.34	 4.0300
2912	  1352.48	 2.5200
2913	  1353.29	 3.1910
2914	  1353.63	 0.1200
2915	  1354.45	 0.0340
2916	  1354.53	 0.0000
2917	  1354.70	 1.3500
2918	  1354.79	 5.1900
2919	  1354.89	 1.2200
2920	  1355.00	 0.5300
2921	  1355.39	 2.0600
2922	  1355.56	 3.5410
2923	  1356.37	 3.1700
2924	  1356.68	 1.2440
2925	  1356.98	 0.3600
2926	  1357.06	 2.2410
2927	  1357.21	 2.0960
2928	  1358.67	 4.2260
2929	  1360.78	 0.1110
2930	  1361.17	 9.0200
2931	  1362.40	 3.1000
2932	  1362.59	 1.0700
2933	  1362.70	 1.4200
2934	  1362.97	 2.0910
2935	  1363.06	 2.4320
2936	  1363.10	 0.2900
2937	  1363.52	 2.5810
2938	  1364.51	 0.2300
2939	  1364.90	 1.9550
2940	  1365.28	 2.4400
2941	  1365.45	 1.1400
2942	  1366.14	 0.1100
2943	  1366.37	 1.9900
2944	  1366.47	 0.3810
2945	  1366.75	 4.4290
2946	  1366.99	 5.0390
2947	  1367.08	 0.1200
2948	  1367.89	 2.1800
2949	  1367.94	 3.4000
2951	  1368.67	 3.4200
2952	  1369.20	 0.8410
2953	  1371.82	 3.0300
2954	  1372.13	 0.4810
2955	  1372.92	 1.5100
2956	  1373.20	 0.1400
2957	  1373.40	13.0100
2958	  1374.66	 0.1600
2959	  1374.73	 6.0510
2960	  1375.07	 2.1900
2961	  1375.15	 0.4360
2962	  1375.47	 2.0800
2963	  1375.78	 0.3600
2964	  1376.45	 1.7210
2965	  1376.49	 0.6300
2966	  1377.78	 0.1470
2967	  1378.43	 6.7790
2968	  1379.53	11.5930
2969	  1379.66	 0.6200
2970	  1380.06	 3.1810
2971	  1380.67	 9.3700
2972	  1381.11	 0.2100
2973	  1381.27	 5.6700
2974	  1381.84	 2.4100
2975	  1381.98	 2.2600
2976	  1382.15	 0.1110
2977	  1382.38	12.5950
2978	  1382.74	 1.6800
2979	  1383.81	 6.6800
2980	  1383.97	 3.9810
2981	  1384.04	 3.6340
2982	  1384.51	 2.5700
2983	  1384.85	 0.2810
2984	  1385.06	 3.5400
2985	  1385.57	 0.9040
2986	  1385.67	 1.1160
2987	  1387.60	 0.9700
2988	  1387.81	 2.3800
2989	  1388.17	 3.3500
2990	  1389.01	 0.3830
2991	  1389.05	 0.3010
2992	  1390.31	 0.9700
2993	  1390.80	 0.1580
2994	  1391.77	 0.7290
2995	  1391.91	 1.2110
2996	  1392.60	 1.6300
2997	  1394.50	 5.7600
2998	  1395.26	 3.7330
2999	  1396.15	 0.1100
3000	  1397.42	 1.4990
3001	  1397.48	 1.6530
3002	  1397.53	 2.1280
3003	  1398.61	 2.7710
3004	  1399.20	 6.3330
3005	  1399.55	 5.2100
3006	  1400.13	11.1490
3007	  1401.19	 3.7700
3008	  1401.43	 2.1290
3009	  1401.67	 4.7590
3010	  1402.07	 1.5330
3011	  1403.10	 0.1900
3012	  1404.01	 1.7130
3013	  1404.18	 3.3460
3014	  1404.24	 0.4490
3015	  1404.51	 0.3900
3016	  1405.82	 6.1490
3017	  1406.56	 1.3400
3018	  1406.85	 0.1650
3019	  1406.97	 2.7900
3020	  1407.65	 0.2200
3021	  1408.02	 1.7630
3022	  1408.78	 2.6280
