1	     0.40	 0.6500
2	     0.74	 0.7310
3	     0.76	 9.5030
4	     1.10	 0.5190
5	     1.78	 1.7400
6	     2.59	 0.5970
7	     2.94	 2.6780
8	     3.38	 5.2990
9	     4.02	 1.3480
10	     5.97	 0.5120
11	     7.36	 0.7790
12	     7.40	 4.1100
13	     7.57	 1.1100
14	     7.61	 1.4100
15	     8.12	 3.3500
16	     8.90	 8.5700
17	     9.19	 1.0510
18	     9.34	 4.0500
19	     9.53	 0.7100
20	    10.02	 1.2020
21	    10.23	 3.9720
22	    10.30	 3.2500
23	    10.59	 0.5470
24	    10.83	12.9000
25	    10.95	 1.2990
26	    11.19	 4.0610
27	    11.63	 3.1600
28	    11.70	 1.1180
29	    12.06	 5.0600
30	    12.10	 1.0090
31	    12.49	 4.6090
32	    12.58	 0.5200
33	    12.62	 6.7800
34	    12.64	 3.5500
35	    12.80	 0.5930
36	    13.64	 2.3300
37	    14.41	 7.0620
38	    14.69	 1.6100
39	    14.94	 5.1200
40	    15.32	 1.9100
41	    15.36	 0.7970
42	    16.51	 1.4410
43	    16.64	 1.8130
44	    16.69	 0.5520
45	    17.59	 1.2900
46	    18.24	 0.6700
47	    18.50	 0.9100
48	    18.61	 4.5500
50	    18.75	 2.8100
51	    19.09	 4.2400
52	    19.31	 0.5250
53	    19.64	 9.1000
54	    20.33	 1.5890
55	    20.45	 6.0450
56	    20.49	 2.6800
57	    21.01	 4.2300
58	    21.27	 1.9000
59	    22.09	 5.9690
60	    22.65	 3.4800
61	    23.04	 1.0000
62	    23.06	 1.0290
63	    23.55	 2.4700
64	    23.73	 3.0500
65	    23.77	 2.0300
66	    23.93	 1.9100
67	    24.16	 0.5200
68	    25.34	 1.5420
69	    25.48	 0.8650
70	    25.59	 3.9760
71	    26.39	 1.1580
72	    26.98	 1.2900
73	    27.96	 1.4890
74	    28.22	 2.2000
75	    29.54	 0.9700
76	    30.10	 3.8300
77	    30.33	 0.8900
78	    30.72	 2.4800
79	    30.79	 0.5600
80	    31.19	 4.6600
81	    31.23	 0.5500
82	    31.27	 6.1200
83	    31.73	 6.2290
84	    32.29	 3.6600
85	    32.43	 1.7700
86	    33.18	 0.9900
87	    33.26	 3.8670
88	    33.78	 0.6380
89	    33.89	 1.1820
90	    34.85	 1.1600
91	    35.22	 1.1010
92	    35.31	 1.0000
93	    36.47	 5.0200
94	    36.57	 0.8700
95	    36.75	 0.5150
96	    36.82	 2.0780
97	    37.03	 0.6610
98	    37.40	 0.7390
99	    37.56	 1.2920
100	    38.13	 4.4190
101	    38.30	 4.3990
102	    39.03	 0.9500
103	    39.25	 2.0040
104	    40.50	 4.1560
105	    40.87	 2.8500
106	    40.99	 4.1200
107	    41.28	 1.8230
108	    41.62	 4.8560
109	    42.78	 2.8140
110	    43.46	 2.2260
111	    43.48	10.9600
112	    43.80	 1.7540
113	    44.21	 1.4700
114	    44.23	 2.2470
115	    44.42	 0.8200
116	    44.78	 3.0900
117	    45.45	 0.8830
118	    45.98	 1.0170
119	    46.19	 1.8100
120	    46.34	 4.2100
121	    46.81	 0.6900
122	    47.00	 3.7600
123	    47.14	 1.1580
124	    47.28	 0.6400
125	    47.39	 0.5200
126	    47.95	 0.9890
127	    48.27	 0.5300
128	    48.63	 0.7800
129	    48.70	 6.2200
130	    49.79	 3.8920
131	    50.60	 4.6500
132	    50.92	 1.0420
133	    50.98	 2.4500
134	    51.03	 1.4690
135	    51.53	 6.7070
136	    52.07	 0.9760
137	    52.31	 1.2810
138	    52.48	 4.0260
139	    52.82	 1.5490
140	    53.04	 0.9200
141	    53.23	 1.9600
142	    53.45	 2.5100
143	    53.48	 1.8900
144	    54.28	 1.9200
145	    54.66	 1.3490
146	    54.87	 1.7300
147	    54.99	 4.1250
148	    55.88	 2.4310
149	    56.00	 2.3400
150	    56.11	 0.7080
151	    57.13	 1.0620
152	    57.47	 3.5600
153	    57.71	 1.2600
154	    58.09	 1.6090
155	    58.53	 1.6200
156	    58.60	 1.1700
157	    59.38	 4.2180
158	    60.15	 2.8850
159	    60.94	 0.5280
160	    60.97	 3.4050
161	    60.99	 0.7310
162	    61.18	 7.0900
163	    61.32	 2.5200
164	    62.36	 3.2400
165	    62.72	 0.7500
166	    62.84	 1.9610
167	    63.10	 2.3030
168	    63.67	 2.2300
169	    64.03	 4.2400
170	    64.22	 1.1480
171	    64.79	 1.2590
172	    64.85	 5.4600
173	    65.05	 3.5200
174	    65.08	 1.8200
175	    65.42	 1.4990
176	    65.52	 1.2400
177	    65.88	 0.6900
178	    65.94	 0.5210
179	    66.04	 1.0420
180	    66.20	 3.7190
181	    66.29	 2.3700
182	    66.86	 1.0990
183	    67.30	 6.3800
184	    67.61	 0.6400
185	    68.35	 4.5890
186	    69.76	 0.8250
187	    69.80	 3.5600
188	    70.69	 5.4490
189	    71.16	 2.0820
190	    71.27	 0.5430
191	    71.39	 1.9290
192	    71.52	 1.1800
193	    71.61	 1.6290
194	    71.65	 2.9900
195	    71.74	 0.9010
196	    71.76	 4.3680
197	    72.35	 4.8650
198	    72.72	 0.5290
199	    73.00	 1.6110
200	    73.30	 6.8200
201	    73.33	 7.4690
202	    73.41	 3.4300
203	    73.52	 0.8510
204	    73.56	 1.6200
205	    73.63	 3.0180
206	    73.81	 4.0800
207	    73.96	 3.8200
208	    74.18	 4.2010
209	    74.52	 1.6000
210	    74.55	 4.6760
211	    74.74	 1.4100
212	    74.96	10.2600
213	    75.01	 0.8690
214	    75.69	 0.8620
215	    75.78	 0.9740
216	    75.97	 1.7170
217	    76.43	 1.3700
218	    77.13	 2.2490
219	    77.73	 4.3200
220	    77.80	 4.6200
221	    78.07	 0.8600
222	    78.34	 3.0710
223	    78.38	 0.5210
224	    78.84	 3.7410
225	    79.45	 1.2300
226	    79.71	 1.0200
227	    79.78	 2.7200
228	    80.51	 1.4590
229	    82.02	 1.4740
230	    82.57	 2.5800
231	    82.60	 0.9200
232	    83.37	 0.7010
233	    83.84	 0.7500
234	    84.22	 1.8500
235	    84.29	 0.7500
236	    84.78	 5.9100
237	    85.04	 1.9000
238	    85.61	16.5890
239	    86.18	 0.6800
240	    86.32	 1.5200
241	    86.58	 4.2500
242	    86.75	 0.7320
243	    87.18	 5.3200
244	    87.27	 1.6720
245	    89.28	 1.0700
246	    89.39	 3.5970
247	    89.51	 0.7100
248	    90.30	 0.7130
249	    90.57	 3.5720
250	    90.65	 2.2700
251	    90.70	 1.2120
252	    90.94	 0.8740
253	    91.08	 4.6280
254	    91.16	 3.9600
255	    91.18	 1.1790
256	    91.43	 5.8640
257	    91.96	 7.0160
258	    92.33	 0.5190
259	    92.79	 0.9300
260	    92.89	 3.7390
261	    93.05	 3.2510
262	    93.91	 2.6320
263	    94.43	 5.7590
264	    94.81	 4.3900
265	    95.05	 4.1300
266	    95.22	 4.7580
267	    95.32	 0.6660
268	    95.53	 0.6610
269	    95.55	 3.4050
270	    96.13	 2.8600
271	    96.38	 2.3200
272	    97.13	 0.8300
273	    97.18	 1.4370
274	    97.42	 1.8800
275	    97.48	 1.7100
276	    97.77	 1.4000
277	    98.02	 0.6900
278	    98.06	 1.6200
279	    98.45	 3.4760
280	    99.04	 5.0100
281	    99.12	 1.4690
282	    99.59	 1.4700
283	    99.93	 2.8010
284	   100.14	 2.5090
285	   100.24	 2.0910
286	   100.47	 0.8800
287	   100.94	 1.7690
288	   101.20	 4.0200
289	   101.24	 0.9200
290	   101.29	 1.2830
291	   101.42	 1.3590
292	   101.57	 2.9810
293	   101.66	 1.5490
294	   102.04	 4.6920
295	   102.12	 2.9800
296	   102.51	 2.3790
297	   102.82	 0.5800
298	   103.26	 2.6390
299	   103.47	 3.6200
300	   103.73	 3.7020
301	   104.47	 2.0680
302	   104.97	 5.6500
303	   105.63	 1.6160
304	   105.82	 1.7910
305	   106.03	 2.6510
306	   106.27	 4.0190
307	   107.29	 0.7300
308	   107.50	 0.5200
309	   107.91	 5.1300
310	   109.22	 2.5300
311	   109.42	 4.2700
312	   109.68	 3.9200
313	   110.04	 1.5030
314	   110.26	 1.1810
315	   110.45	 0.5400
316	   110.87	10.5100
317	   111.03	 0.6240
318	   111.17	 4.3120
319	   111.47	 2.0100
320	   111.70	 1.4590
321	   111.99	 1.8300
322	   113.41	 2.3700
323	   113.47	 3.0800
324	   113.73	 5.3540
325	   113.77	 5.1020
326	   114.56	 1.9720
327	   115.01	 1.6900
328	   115.82	 9.5930
329	   116.50	 7.0100
330	   116.53	 3.3300
331	   116.82	 2.7100
332	   117.10	 3.1900
333	   117.15	 2.3400
334	   117.79	 1.7100
335	   118.22	 0.9260
336	   118.71	 3.8090
337	   119.23	 0.5960
338	   119.47	 2.0280
339	   119.59	 9.5610
340	   119.62	 0.7400
341	   120.34	 2.7400
342	   120.98	 2.0600
343	   121.12	 3.3280
344	   121.19	 2.2300
346	   122.59	 0.8200
347	   122.92	 1.3400
348	   123.52	 0.5300
349	   123.95	 5.7100
350	   124.15	 7.0600
351	   124.18	 1.5690
352	   125.07	 1.4300
353	   125.09	 8.1700
354	   125.20	 4.0210
355	   125.41	 3.4600
356	   125.64	 1.2030
357	   126.07	 3.1100
358	   126.32	 2.8790
359	   126.73	 1.5200
360	   127.24	 5.0890
361	   127.75	 1.3480
362	   128.34	 1.0600
363	   128.36	 1.7400
364	   128.45	 0.5160
365	   128.57	 2.1240
366	   128.99	 3.0890
367	   129.08	 2.1600
368	   129.21	 2.7700
369	   129.68	 4.5600
370	   130.77	 0.7200
371	   130.83	 4.2730
372	   131.17	 0.5510
373	   131.74	 2.7300
374	   131.81	 1.1600
375	   131.84	 7.1780
376	   132.35	 2.3700
377	   132.40	 5.7800
378	   132.99	 1.1870
379	   133.82	 2.0200
380	   133.92	 1.0800
381	   134.21	 1.8100
382	   134.34	 0.7310
383	   134.41	 2.4130
384	   135.20	 0.6110
385	   136.68	 4.2000
386	   137.10	 1.2690
387	   137.17	 5.3320
388	   137.25	 1.6310
389	   137.50	 1.8800
390	   137.89	 1.6000
391	   137.98	 0.6930
392	   138.34	 3.7910
393	   138.81	 0.5130
394	   138.97	 1.0580
395	   140.11	 0.6290
396	   141.20	 1.8820
397	   141.26	 1.0550
398	   141.41	 1.5900
399	   141.77	 0.5580
400	   141.99	 0.6400
401	   142.25	 4.5100
402	   142.27	 5.9400
403	   142.38	 4.6010
404	   142.65	 0.5200
405	   142.76	 1.5970
406	   142.96	 3.3400
407	   143.37	 5.4730
408	   143.51	 2.1310
409	   143.57	 0.9810
410	   143.94	 2.4300
411	   144.11	 1.1120
412	   144.69	 0.9620
413	   145.18	 1.7900
414	   145.89	 2.0760
415	   145.94	 2.4000
416	   146.90	 1.2640
417	   147.57	 2.7850
418	   147.63	 2.2080
419	   147.80	 0.6500
420	   147.94	 0.9090
421	   149.20	 4.6790
422	   149.54	 1.8700
423	   149.63	 1.1990
424	   151.34	 0.7000
425	   151.42	 0.6080
426	   151.64	 2.5300
427	   151.66	 1.6900
428	   152.17	 1.2700
429	   152.29	 6.6500
430	   152.87	 1.3600
431	   153.58	 0.6120
432	   153.92	 0.5820
433	   154.04	 0.7500
434	   155.16	 1.6590
435	   155.39	 1.0320
436	   155.44	 1.4190
437	   155.55	 4.8350
438	   155.66	 0.6610
439	   155.78	 1.6810
440	   155.95	 2.2210
441	   156.76	 1.7200
442	   157.55	 1.0510
443	   157.57	 1.4410
444	   157.88	 0.5210
445	   158.46	 1.6510
446	   158.73	 0.6990
447	   158.90	 1.1640
448	   159.24	 0.9630
449	   159.53	 2.2900
450	   159.59	 3.3930
451	   160.08	 1.1860
452	   160.61	 1.1340
453	   160.76	 5.5320
454	   161.02	 1.4780
455	   161.36	 3.8160
456	   162.42	 2.5900
457	   162.44	 5.0300
458	   162.80	 1.8400
459	   163.09	 1.5790
460	   163.41	 4.6900
462	   163.85	 0.7000
463	   163.99	 0.6720
464	   164.10	 1.3900
466	   164.79	 2.2430
467	   164.98	 6.0280
468	   166.11	 6.8980
469	   166.37	 5.8420
470	   166.66	 2.6000
471	   166.75	 1.2190
472	   166.98	14.0500
473	   167.19	 1.0300
474	   167.28	 1.0800
475	   167.84	 3.0430
476	   168.29	 3.5500
477	   168.63	 1.0010
478	   170.50	 2.2310
479	   170.73	 1.0500
480	   170.76	 5.3000
481	   171.88	 0.7530
482	   171.92	 2.5940
483	   172.46	 1.8200
484	   172.49	 2.3010
485	   172.84	 0.5400
486	   173.52	 2.0900
487	   174.09	 2.1600
488	   174.80	12.6800
489	   174.82	 2.8900
490	   175.03	 0.7700
491	   175.05	 6.6980
492	   175.12	 2.0580
493	   175.20	 7.6300
494	   175.49	 0.6610
495	   175.51	 1.5900
496	   175.95	 1.8600
497	   177.41	 3.9100
498	   177.62	 6.2430
499	   177.65	 2.2000
500	   177.83	 0.5800
501	   178.25	 5.2300
502	   178.31	 2.1900
503	   178.86	 3.4910
504	   178.99	 1.5100
505	   179.01	 1.8600
506	   179.07	 0.8220
507	   179.09	 2.2510
508	   179.48	 2.4600
509	   179.80	 0.5200
510	   179.88	 1.2200
511	   179.93	 6.1100
512	   180.41	 3.7690
513	   180.98	 5.3890
514	   181.82	 1.5390
515	   181.84	 2.6500
516	   182.62	 1.7800
517	   183.39	 0.9630
518	   183.61	 1.5300
519	   183.65	 0.5900
520	   183.73	 6.4280
521	   183.98	 0.7800
522	   184.99	 0.9070
523	   185.05	 5.2900
524	   186.32	 3.0500
525	   186.68	 4.6100
526	   186.82	 0.7740
527	   187.28	 1.0700
528	   187.57	 2.6700
529	   187.61	 0.5400
530	   187.88	 3.1840
531	   189.57	 3.3590
532	   190.16	 3.0200
533	   190.60	 1.4800
534	   190.68	 2.6580
535	   190.70	 3.2190
536	   191.04	 2.5290
537	   191.21	 0.6100
538	   191.23	 6.5900
539	   191.54	 3.2500
540	   191.70	10.3190
541	   191.89	 1.2400
542	   193.41	 3.1880
543	   193.50	 1.1300
544	   193.62	 0.9340
545	   193.88	 1.0400
546	   193.92	 1.3300
547	   194.04	 0.7710
548	   194.15	 1.3500
549	   194.56	 5.4600
550	   195.38	 0.5200
551	   195.89	 0.8800
552	   196.38	 1.6400
553	   196.62	 0.7160
554	   196.93	 2.7200
555	   197.10	 0.5230
556	   197.27	 0.5180
557	   197.46	 7.4990
558	   197.65	 0.7180
559	   197.71	 2.1420
560	   198.01	 1.0400
561	   198.05	 6.6810
562	   198.73	 1.5200
563	   199.08	 0.6800
564	   199.19	 5.3090
565	   199.48	 1.3990
566	   199.50	 4.5300
567	   199.64	 2.0900
568	   200.30	 1.3700
569	   200.89	 1.4930
570	   201.26	 1.3610
571	   202.09	 1.7210
572	   202.80	 2.8180
573	   203.49	 4.3830
574	   203.83	 1.4230
575	   203.87	 3.5610
576	   204.06	 4.0930
577	   204.28	 5.0800
578	   204.69	 1.8300
579	   204.73	14.7100
580	   204.95	 1.1610
581	   205.12	 6.5090
582	   205.31	 2.4290
583	   205.35	 1.7700
584	   205.47	 1.3260
585	   205.53	 2.1800
586	   205.62	 2.7800
587	   205.83	 0.7510
588	   206.28	 5.7800
589	   206.39	 1.6000
590	   206.60	 8.0990
591	   206.72	 2.2180
592	   207.74	 2.5370
593	   207.85	 4.9190
594	   208.09	 2.4090
595	   209.41	 0.5500
596	   209.82	 1.0010
597	   210.00	 0.9390
598	   210.07	 1.9380
599	   210.56	 3.9080
600	   210.87	 1.3090
601	   211.72	 0.7400
602	   212.67	 1.9090
603	   213.07	 1.8900
604	   213.70	 2.0300
605	   213.89	 0.5700
606	   213.91	 0.6420
607	   214.42	 1.1290
608	   214.72	 1.1930
609	   214.98	 0.7130
610	   215.20	 3.1400
611	   215.28	 2.2120
612	   215.35	 1.8990
613	   217.60	 1.5000
614	   218.47	 1.7290
615	   219.30	 3.9400
616	   219.38	 2.6900
617	   219.66	 2.3300
618	   220.05	 1.4110
619	   220.17	 0.8500
620	   220.48	 4.8700
621	   220.70	 0.5570
622	   220.79	 2.1010
623	   221.05	 1.9800
624	   222.49	 2.0900
625	   222.73	 3.8930
626	   223.30	 0.8100
627	   223.49	 1.2300
628	   224.12	 2.8800
629	   224.31	 7.7800
630	   224.65	 2.5010
631	   224.92	 5.8290
632	   225.19	 0.9500
633	   225.28	 1.1600
634	   225.39	 1.3700
635	   225.48	 1.7900
636	   227.02	 3.9420
637	   227.55	 3.6710
638	   227.64	 0.7310
639	   228.80	 0.5190
640	   229.32	10.8200
641	   229.49	 2.1600
642	   229.53	 1.0260
643	   229.80	 3.1200
644	   230.28	 2.5130
645	   230.47	 2.7600
646	   230.49	 1.7260
647	   230.68	 0.8600
648	   230.92	 3.6340
649	   231.01	 3.2800
650	   231.57	 3.2900
651	   231.74	 1.2800
652	   232.42	 0.5980
653	   232.46	 8.2580
654	   232.85	 6.3000
655	   233.94	 0.9800
656	   234.18	 0.9210
657	   234.22	 1.1420
658	   234.31	 2.2570
659	   234.53	 5.8390
660	   234.99	 1.1660
661	   235.21	 1.0260
662	   235.30	 0.5230
663	   235.99	 1.0300
664	   236.25	 4.2570
665	   236.47	12.8410
666	   236.56	 1.5900
667	   236.58	 1.8020
668	   236.82	 3.0160
669	   237.65	 0.6000
670	   237.90	 1.5130
671	   238.34	 1.9450
672	   238.50	 2.9210
673	   238.82	 2.4400
674	   239.15	 1.3000
675	   239.67	 1.0410
676	   239.83	 3.1020
677	   240.05	 2.2370
678	   240.67	 0.5500
679	   240.88	 1.6940
680	   241.09	 0.8480
681	   241.18	 0.6100
682	   241.72	 3.7880
683	   241.99	 3.8810
684	   242.56	 5.1070
685	   242.85	 1.0020
686	   243.16	 1.1800
687	   243.70	 0.7720
688	   243.91	 2.8440
689	   244.08	 3.9790
690	   244.14	 4.6600
691	   244.38	 4.3640
692	   244.58	 2.3530
693	   245.07	 2.3190
694	   245.30	 1.1800
695	   245.57	 0.8900
696	   245.68	 1.0200
697	   245.76	 0.5200
698	   246.14	 1.6470
699	   246.86	 4.7510
700	   247.10	 0.9400
701	   247.64	 2.4900
702	   248.29	16.1480
703	   248.62	 0.9180
704	   248.86	 8.2800
705	   249.47	 0.9700
706	   249.60	 3.3740
707	   249.80	 5.6900
708	   249.84	 1.0180
709	   249.90	 1.0200
710	   249.97	 2.6800
711	   251.48	 3.2510
712	   251.59	 1.0900
713	   252.35	 0.6410
714	   252.38	 0.6400
715	   252.89	 2.1650
716	   252.91	11.8710
717	   252.99	 6.4480
718	   253.06	 0.8100
719	   253.13	 0.6120
720	   253.51	 4.0700
721	   254.08	 2.6600
722	   254.39	 1.1300
723	   254.41	 0.9200
724	   254.70	 1.2400
725	   254.96	 1.3300
726	   255.08	 0.6200
727	   255.22	 0.5300
728	   255.48	 1.0200
729	   255.85	 5.9300
730	   256.17	 7.9160
731	   256.50	 1.4800
732	   256.52	 2.5220
733	   256.69	 1.4630
734	   256.91	 3.0000
735	   257.30	 2.6040
736	   257.43	 0.8990
737	   258.59	 0.9200
738	   259.43	 3.7700
739	   260.32	 2.1480
740	   260.38	 9.8980
741	   260.93	 1.2310
742	   261.06	 5.0730
743	   262.20	 1.8100
744	   262.29	 1.4680
745	   263.01	 1.9890
746	   263.25	 0.6000
747	   264.16	 4.8920
748	   264.88	 1.0900
749	   265.81	 2.0210
750	   266.25	 1.9420
751	   266.41	 9.6970
752	   266.68	 4.9820
753	   266.95	 4.4830
754	   267.48	 5.7000
755	   267.60	 5.6500
756	   267.67	 0.6690
757	   267.70	 4.1090
758	   267.90	 0.9700
759	   267.94	 0.5290
760	   268.45	 3.7300
761	   268.62	 1.3300
762	   269.05	 3.0740
763	   269.09	 0.9370
764	   269.88	 1.4510
765	   269.95	 2.1090
766	   270.04	 0.5640
767	   270.53	 1.4300
768	   270.70	 3.0130
769	   270.81	 5.3700
770	   271.18	 1.4200
771	   271.21	 3.5400
772	   271.30	 2.8900
773	   271.87	 1.5690
774	   271.98	 3.1140
775	   272.10	 4.5600
776	   272.79	 0.7350
777	   273.13	 2.0200
778	   273.54	 0.5300
779	   274.08	 5.6980
780	   274.12	 3.5300
781	   274.27	 4.7890
782	   274.53	 2.6700
783	   274.62	 3.3080
784	   274.74	 2.9150
785	   274.82	 7.6100
786	   275.36	 1.3910
787	   275.66	 4.0010
788	   276.14	 1.5020
789	   276.44	 2.9200
790	   276.47	13.0390
791	   276.64	 2.3700
792	   276.71	 1.3110
793	   277.10	 0.7020
794	   277.19	 0.5430
795	   277.88	 4.0070
796	   277.92	 1.8180
797	   278.58	 0.8390
798	   278.72	 3.5420
799	   279.19	 2.2900
800	   279.31	 2.0200
801	   279.55	 3.7100
802	   279.59	 3.1870
803	   279.63	 2.5710
804	   279.94	 7.0780
805	   280.01	 2.6890
806	   280.05	 6.4080
807	   280.26	 1.6020
808	   280.28	 4.7710
809	   280.59	 0.6390
810	   280.63	 0.6520
811	   281.05	 3.2430
812	   281.34	 0.5900
813	   281.60	 3.0040
814	   281.94	 2.9650
815	   282.33	 1.8210
816	   282.57	 2.9490
817	   283.14	 3.4300
818	   283.26	 0.6000
819	   283.37	 1.3700
820	   283.47	 1.1400
821	   283.63	 1.0810
822	   283.80	 9.3300
823	   284.01	 4.8700
824	   284.23	13.8110
825	   284.81	 0.7090
826	   285.08	 2.3200
827	   287.56	 0.8600
828	   287.62	 2.0100
829	   287.64	 4.9390
830	   287.86	 5.0600
831	   287.90	 0.9610
832	   287.96	 2.9310
833	   288.03	 1.0980
834	   288.59	 1.5160
835	   288.84	 5.5780
836	   288.87	 4.5810
837	   289.00	 4.4100
838	   289.19	 2.6570
839	   289.57	 4.4100
840	   289.67	 0.8900
841	   290.23	 0.7300
842	   291.09	 8.1300
843	   291.13	 0.5340
844	   291.80	 4.0520
845	   291.82	 1.2780
846	   291.86	 3.7820
847	   292.31	 3.6520
848	   292.33	 3.5300
849	   292.70	 2.0180
850	   292.72	 0.7610
851	   293.15	 0.6080
852	   293.44	 4.3100
853	   293.70	 2.2690
854	   294.20	 1.7280
855	   294.46	 5.3500
856	   294.48	 1.2600
857	   295.34	 1.6910
858	   296.20	 2.9000
859	   296.64	 2.0600
860	   296.73	 2.7190
861	   297.04	 3.5470
862	   297.40	 0.8200
863	   297.74	 2.1000
864	   297.83	 3.8820
865	   297.86	 3.8000
866	   298.04	 0.5800
867	   298.46	 0.5330
868	   298.75	 1.0600
869	   299.01	 1.0800
870	   299.05	 0.7000
871	   299.19	 2.2200
872	   300.08	 1.5470
873	   300.47	 0.7600
874	   301.14	 1.2860
875	   301.42	 0.6100
876	   301.99	 0.7490
877	   302.18	 1.0100
878	   302.33	 2.4400
879	   302.54	 0.6700
880	   302.66	 0.5510
881	   303.74	17.8000
882	   303.76	 3.9390
883	   303.79	 0.7600
884	   303.98	 3.6400
885	   304.25	 4.4070
886	   304.39	 2.3200
887	   304.54	 1.4200
888	   305.02	 1.1700
889	   305.07	 1.5690
890	   305.58	 0.7010
891	   306.22	 3.3600
892	   306.61	 0.6600
893	   307.34	 3.0340
894	   307.53	 5.2100
895	   307.58	 8.2110
896	   307.86	 0.6900
897	   308.31	 0.7320
898	   308.42	 3.0800
899	   308.54	 0.8400
900	   308.63	 1.8020
901	   308.82	 6.0520
902	   309.03	 2.0000
903	   309.50	 1.2900
904	   310.65	 9.5900
905	   311.40	 2.3890
906	   311.99	 4.6600
907	   312.05	 3.7160
908	   312.36	 0.5390
909	   312.45	 2.5290
910	   312.54	 0.0180
911	   312.83	 0.6860
912	   312.95	 2.1400
913	   313.07	 3.8500
914	   313.11	 0.9190
915	   313.20	 2.8200
916	   314.06	 6.2010
917	   314.25	 1.3700
918	   315.16	 0.7110
919	   315.53	 3.6900
920	   315.82	 1.3100
921	   316.33	 2.9390
922	   316.52	 0.7290
923	   316.72	 1.7280
924	   316.86	 2.9380
925	   317.40	 2.9900
926	   317.73	 1.4690
927	   318.79	 3.4990
928	   319.11	 9.0730
929	   319.20	 3.3100
930	   319.24	 1.8590
931	   319.26	 2.1090
932	   319.63	 0.7730
933	   319.84	 1.3900
934	   320.51	 0.8900
935	   320.80	 2.6610
936	   320.99	 2.8010
937	   321.32	 5.7020
938	   321.64	 4.1700
939	   321.68	 4.3000
940	   321.74	 0.9200
941	   323.11	 1.1900
942	   323.79	 3.1200
943	   324.19	 0.6000
944	   324.23	 0.9840
945	   324.34	 1.7200
946	   325.10	 1.3620
947	   325.37	 1.9110
948	   325.44	 1.2420
949	   325.68	 2.7220
950	   325.72	 0.8510
951	   325.83	 1.3400
952	   326.20	 1.9800
953	   326.26	 7.8520
954	   326.28	 3.1810
955	   326.59	 3.0510
956	   327.06	 3.2570
957	   327.83	 5.5710
958	   328.83	 9.1500
959	   329.23	 2.0800
960	   329.63	 0.5210
961	   330.40	 2.5200
962	   330.59	 1.0110
963	   330.93	 1.2300
964	   331.84	 0.5910
965	   332.45	 3.5570
966	   333.40	 0.9110
967	   333.56	 1.1200
968	   333.70	 2.6990
969	   333.99	 2.4620
970	   334.05	 1.3240
971	   334.95	 5.4900
972	   335.06	 0.8660
973	   335.65	 0.5540
974	   335.91	 0.9270
975	   335.96	 2.7090
976	   336.32	 1.2190
977	   336.59	 2.1800
978	   336.62	 5.6040
979	   336.94	 1.6230
980	   337.20	 3.8480
981	   338.10	 1.4380
982	   338.19	 1.3800
983	   338.42	 3.1210
984	   338.49	 3.2290
985	   338.65	 6.7760
986	   338.98	16.0690
987	   340.83	 1.7400
988	   341.27	 1.7420
990	   341.58	 0.5700
991	   341.80	 2.7500
992	   342.31	 3.5900
993	   342.67	 2.5630
994	   342.69	 0.7200
995	   343.05	 7.5660
996	   344.61	 1.0580
997	   344.71	 4.5500
998	   344.97	 4.2360
999	   345.16	17.4900
1000	   345.41	 1.8500
1001	   345.72	 1.5500
1002	   345.94	 2.9720
1003	   346.15	 1.2840
1004	   346.22	 1.3970
1005	   346.26	 1.8120
1006	   347.12	 6.0520
1007	   348.66	 1.8700
1008	   348.70	 4.4000
1009	   348.76	 0.9880
1010	   349.02	 2.3200
1011	   349.54	 0.9600
1012	   349.60	 2.6910
1013	   349.74	 1.2300
1014	   349.84	 5.1930
1015	   350.22	 4.2200
1016	   350.26	 3.7500
1017	   350.83	 1.9100
1018	   350.89	 3.6490
1019	   351.09	 0.6610
1020	   351.17	 0.8580
1021	   351.36	 0.8280
1022	   351.41	 0.8890
1023	   351.63	 1.2500
1024	   351.72	 2.5500
1025	   352.26	 4.5400
1026	   353.04	 1.4500
1027	   353.45	 2.0300
1028	   353.52	 6.1230
1029	   353.58	 1.0900
1030	   354.23	 3.3700
1031	   354.27	 0.8690
1032	   354.35	11.1020
1033	   354.45	 0.8720
1034	   354.61	 1.4440
1035	   354.85	13.0200
1036	   354.94	16.6100
1037	   355.44	 4.3220
1038	   355.58	10.0490
1039	   355.76	 4.0800
1040	   355.83	 1.3800
1041	   356.71	 0.6730
1042	   358.00	 2.4110
1043	   358.09	 0.7600
1044	   359.95	 2.3500
1045	   360.17	 2.4330
1046	   360.80	 0.9950
1047	   360.99	 6.2100
1048	   361.03	 1.1510
1049	   361.48	 2.9760
1050	   361.81	 9.3720
1051	   362.11	10.4230
1052	   362.72	 0.6820
1053	   363.04	 3.2800
1054	   363.25	 0.7900
1055	   363.46	 0.6300
1056	   363.83	 4.7800
1057	   364.02	 2.8030
1059	   365.08	 0.9690
1060	   365.29	 1.1790
1061	   366.90	 5.2080
1062	   367.22	 3.3300
1063	   367.59	 2.5290
1064	   368.54	 2.6640
1065	   368.69	 2.1580
1066	   368.73	 1.2920
1067	   368.79	11.5710
1068	   369.06	 0.0200
1069	   369.28	 3.2100
1070	   370.14	 2.9840
1071	   370.16	 1.1420
1072	   370.49	 1.6510
1073	   371.11	 1.6900
1074	   371.27	 0.5800
1075	   371.47	 0.9900
1076	   371.86	 4.8300
1077	   372.74	 1.5390
1078	   373.06	 4.3010
1079	   373.27	 1.6010
1080	   373.31	 0.6090
1081	   373.36	 1.1200
1082	   373.64	 7.2590
1083	   373.86	 3.7710
1084	   373.93	 4.7290
1085	   374.51	 1.3600
1086	   374.55	 1.3300
1087	   374.69	 0.7710
1088	   375.29	 3.6770
1089	   375.57	 0.9740
1090	   375.69	 1.7800
1091	   375.93	 0.7630
1092	   376.32	 0.5800
1093	   376.46	 1.0710
1094	   376.53	 1.3600
1095	   376.59	 3.1080
1096	   376.94	 1.1800
1097	   377.07	 3.0320
1098	   378.08	 1.9290
1099	   378.82	14.3910
1100	   379.99	 0.7800
1101	   380.06	 1.0700
1102	   380.76	 2.8500
1103	   380.91	 0.7300
1104	   381.22	 1.0100
1105	   381.26	 1.7430
1106	   381.61	 2.0640
1107	   381.82	 1.9400
1108	   382.01	 5.1370
1109	   382.17	 2.9540
1110	   382.71	 0.9500
1111	   382.93	 2.6710
1112	   383.04	 0.8700
1113	   383.41	 3.3000
1114	   383.92	10.7200
1115	   384.82	 3.1800
1116	   384.86	 2.0100
1117	   385.19	 3.5490
1118	   385.26	 2.7990
1119	   385.37	 0.5190
1120	   385.46	 1.6820
1121	   385.51	 1.1110
1122	   385.80	 1.4000
1123	   386.29	 2.2600
1124	   386.80	 2.3020
1125	   387.01	 1.5300
1126	   387.55	 3.5300
1127	   387.57	 5.5400
1128	   387.88	 0.9600
1129	   388.17	 3.1210
1130	   388.29	 3.5400
1131	   388.56	 4.3420
1132	   389.20	 1.0810
1133	   389.71	 5.0100
1134	   390.88	 8.3290
1135	   391.07	14.3100
1136	   391.23	 3.0360
1137	   391.89	 2.6860
1138	   392.03	 2.4280
1139	   393.20	 6.1160
1140	   393.61	 0.6710
1141	   393.82	 1.8100
1142	   394.94	 1.6000
1143	   395.06	 1.1730
1144	   395.52	17.4900
1145	   396.08	 1.7410
1146	   396.12	 1.0000
1147	   396.26	 1.4000
1148	   396.35	 3.0300
1149	   397.02	 1.5620
1150	   398.03	 0.7580
1151	   398.44	 1.4100
1152	   398.70	 0.5200
1153	   398.72	 2.9150
1154	   399.09	 2.6400
1155	   399.77	 2.1380
1156	   399.82	 8.7000
1157	   400.33	 1.0700
1158	   400.47	16.0430
1159	   400.53	 0.5530
1160	   400.60	 2.7500
1161	   401.31	 3.0200
1162	   401.52	 0.8500
1163	   401.64	 0.7190
1164	   401.69	 0.6110
1165	   402.29	 4.0500
1166	   403.58	 2.3210
1167	   404.35	 3.2610
1168	   404.47	 0.5700
1169	   405.42	 4.8250
1170	   405.54	 1.2450
1171	   405.85	 2.3730
1172	   406.00	 1.3810
1173	   406.21	 1.4100
1174	   406.52	 2.7700
1175	   407.11	 4.6800
1176	   407.63	 4.8010
1177	   408.02	 2.7500
1178	   408.11	 0.5200
1179	   408.57	 1.5540
1180	   408.59	15.9990
1181	   408.90	 3.2200
1182	   408.94	 3.4370
1183	   409.25	 3.3820
1184	   409.57	 2.2730
1185	   409.61	 1.5700
1186	   409.90	 0.8020
1187	   409.95	 3.7100
1188	   410.75	 1.6800
1189	   410.78	 1.2220
1190	   411.26	 2.4050
1191	   411.60	 2.6200
1192	   412.12	 6.0540
1193	   412.61	 0.5300
1194	   412.77	 8.2300
1195	   412.81	 0.9400
1196	   413.22	10.7500
1197	   413.31	 2.7870
1198	   413.48	 7.4980
1199	   414.32	 1.8590
1200	   414.53	 3.1300
1202	   416.19	 2.5600
1203	   416.26	 2.3470
1204	   416.70	 0.0170
1205	   417.69	 0.5500
1206	   418.17	 0.7890
1207	   418.36	 1.8400
1208	   418.40	 0.6700
1209	   418.44	 2.2480
1210	   418.61	 1.7860
1211	   419.69	 8.7200
1212	   421.16	 2.5220
1213	   422.20	 1.8820
1214	   422.43	 1.9680
1215	   422.65	 4.1800
1216	   422.82	 4.1700
1217	   423.36	 2.5200
1218	   424.19	 5.3950
1219	   425.58	 2.9190
1220	   425.60	 2.5600
1221	   426.63	 6.8100
1222	   426.77	 2.4860
1223	   427.56	 2.2400
1224	   427.72	 1.5140
1225	   427.76	 4.0770
1226	   428.70	 4.5100
1227	   429.07	 1.0990
1228	   430.15	 1.3100
1229	   430.22	12.3900
1230	   430.44	13.1060
1231	   430.98	 0.7200
1232	   431.21	 1.8410
1233	   431.45	 6.8100
1234	   431.55	 1.5180
1235	   431.73	 1.5900
1236	   431.78	 2.5400
1237	   432.06	 3.7170
1238	   432.33	 7.2900
1239	   433.59	 2.4590
1240	   434.28	 4.8140
1241	   435.01	 0.5700
1242	   435.33	 0.5180
1243	   435.64	 1.2150
1244	   435.76	 6.0190
1245	   435.98	 4.1010
1246	   436.46	 1.3760
1247	   436.98	 1.1900
1248	   437.12	 1.0260
1249	   437.46	 4.0100
1250	   437.52	 5.1300
1251	   437.97	 0.5200
1252	   438.00	 3.3410
1253	   438.50	 0.9200
1254	   438.58	 2.4810
1255	   438.95	 1.3700
1256	   439.62	 1.2900
1257	   439.75	 5.0630
1258	   439.82	 2.3300
1259	   439.98	 2.6900
1260	   440.25	 0.5190
1261	   440.97	 0.5600
1262	   441.60	 2.1730
1263	   441.82	 0.6410
1264	   442.03	 0.5900
1265	   442.20	 1.5630
1266	   442.61	 1.4700
1267	   444.44	 2.7390
1268	   444.51	14.2300
1269	   444.66	 1.8400
1270	   444.84	 3.7800
1271	   445.00	 2.0210
1272	   445.27	 6.6690
1273	   445.43	 3.4450
1274	   445.53	 6.2300
1275	   445.55	 3.5700
1276	   445.68	 0.7100
1277	   446.02	 1.6780
1278	   446.06	 1.4840
1279	   446.11	 2.3900
1280	   446.32	 4.8730
1281	   446.42	 4.2550
1282	   446.50	 4.1440
1283	   446.74	 1.3610
1284	   447.35	 8.0250
1285	   447.55	 5.0910
1286	   448.13	 1.8220
1287	   448.38	 2.5220
1288	   448.42	 1.1480
1289	   448.45	12.3600
1290	   448.65	 5.1400
1291	   449.33	 2.3210
1292	   449.58	 3.7100
1293	   449.79	 1.2300
1294	   450.10	 1.0800
1295	   450.27	 1.5190
1296	   450.33	 3.9610
1297	   450.40	 3.9180
1298	   450.59	 3.0200
1299	   450.74	 2.5440
1300	   450.78	 3.1700
1301	   450.97	 6.1000
1302	   451.53	 4.4900
1303	   451.62	10.6490
1304	   451.71	 1.6430
1305	   451.78	 2.7600
1306	   452.12	 3.4830
1307	   452.81	 2.5900
1308	   453.02	 1.5360
1309	   453.49	 0.7270
1310	   453.72	 0.7600
1311	   453.92	 0.5220
1312	   453.99	 4.0330
1313	   454.08	 2.0100
1314	   454.24	 3.5600
1315	   454.68	 9.7360
1316	   455.14	 4.2300
1317	   455.96	 0.5700
1318	   456.13	 1.1180
1319	   456.26	 1.7000
1320	   456.43	 1.2830
1321	   456.59	 1.3100
1322	   456.64	14.0200
1323	   456.82	 0.5150
1324	   457.86	11.2200
1325	   458.93	 3.2520
1326	   458.97	 2.1700
1327	   460.17	 3.2810
1328	   460.37	 0.6470
1329	   460.55	 3.3610
1330	   460.65	 0.6100
1331	   460.81	 1.9300
1332	   460.83	 1.0610
1333	   461.19	 3.6300
1334	   461.24	 3.1810
1335	   462.32	 0.6040
1336	   464.36	 1.9820
1337	   464.60	 1.0180
1338	   465.04	 0.6190
1339	   465.47	 1.9000
1340	   466.29	 1.7190
1341	   466.60	 4.0800
1342	   466.64	 0.9200
1343	   466.88	 2.2800
1344	   467.09	 0.5120
1345	   467.44	 0.5180
1346	   467.53	 1.7000
1347	   467.62	 1.0210
1348	   467.66	 2.4240
1349	   468.04	 1.9300
1350	   468.29	12.6000
1351	   468.72	 0.7300
1352	   468.76	 1.8230
1353	   468.83	 4.3890
1354	   468.90	 0.6300
1355	   469.29	 3.4800
1356	   469.35	 1.2910
1357	   470.06	 1.1600
1358	   470.16	 0.9180
1359	   470.49	 1.8890
1360	   470.66	 4.8000
1361	   470.78	 1.6000
1362	   471.14	 0.6490
1363	   471.24	 2.1200
1364	   471.28	 0.5320
1365	   471.61	 2.4400
1366	   471.95	 0.5600
1367	   472.12	 1.3620
1368	   472.19	 2.1700
1369	   472.35	 0.5600
1370	   472.61	 0.7110
1371	   472.70	 7.0270
1372	   473.50	 1.4310
1373	   473.98	 4.0200
1374	   475.14	 4.1200
1375	   475.58	 1.7890
1376	   475.68	 0.8420
1377	   476.07	 3.6310
1378	   476.66	 0.8790
1379	   476.90	 3.0000
1380	   477.09	 8.9100
1381	   477.52	 0.7900
1382	   477.71	 9.9110
1383	   477.75	 1.5200
1384	   478.02	 0.9800
1385	   478.51	 3.5390
1386	   478.53	 3.8400
1387	   478.79	 5.6440
1388	   479.31	 1.1500
1389	   479.42	 1.0890
1390	   480.29	 2.2100
1391	   480.73	 0.5150
1392	   481.22	 2.6200
1393	   481.30	 0.7210
1394	   481.45	 4.6700
1395	   481.48	 1.3030
1396	   481.57	 0.5140
1397	   482.47	 4.6580
1398	   483.20	 1.3800
1399	   483.34	 9.7550
1400	   483.49	 8.1100
1401	   483.95	 0.5180
1402	   484.31	 2.2440
1403	   484.91	 6.1600
1404	   485.04	 0.5200
1405	   485.08	 1.3220
1406	   485.20	 3.7100
1407	   485.24	 7.2200
1408	   485.44	 3.8030
1409	   486.24	 2.7700
1410	   486.54	 0.5200
1411	   486.62	 2.9600
1412	   486.64	 1.1190
1413	   486.94	 1.2520
1414	   487.20	 1.6170
1415	   487.31	 7.7000
1416	   488.15	 4.1990
1417	   488.27	 2.3380
1418	   488.31	 2.2410
1419	   488.62	 3.0700
1420	   489.09	 1.1300
1421	   489.13	 2.6600
1422	   489.15	 0.6510
1423	   489.28	 0.5200
1424	   489.35	 3.0690
1425	   490.46	 8.9500
1426	   490.61	13.3810
1427	   490.63	 6.4900
1428	   491.28	 0.5510
1429	   491.55	 1.7010
1430	   492.19	 0.9300
1431	   492.31	 1.5910
1432	   492.38	 9.7400
1433	   492.44	 1.7410
1434	   492.75	 1.6900
1435	   492.89	 0.6370
1436	   493.34	 0.8200
1437	   494.05	 1.9430
1438	   494.49	 6.3900
1439	   494.61	 1.0180
1440	   495.00	 0.8770
1441	   495.09	 0.5200
1442	   495.17	 6.8500
1443	   495.21	 1.2950
1444	   495.38	 5.5900
1445	   495.75	 1.0000
1446	   496.29	 2.4700
1447	   496.92	 3.3200
1448	   497.32	 2.3200
1449	   497.55	 0.8880
1450	   497.67	 2.6900
1451	   498.11	 2.0690
1452	   498.57	 4.9720
1453	   498.66	 3.0900
1454	   498.91	 7.4900
1455	   499.34	 2.7560
1456	   499.61	 4.6600
1457	   499.83	12.6080
1458	   500.17	 8.9900
1459	   500.43	 2.3890
1460	   500.48	 1.1500
1461	   501.41	 3.6860
1462	   501.50	 1.8390
1463	   501.69	 3.2230
1464	   501.88	 1.1900
1465	   502.10	 2.4090
1466	   502.16	 2.7570
1467	   502.30	 1.2300
1468	   502.51	 1.2300
1469	   502.91	 7.3470
1470	   503.30	 3.5300
1471	   503.68	 0.7320
1472	   504.32	 0.8110
1473	   504.72	 2.2410
1474	   504.76	 2.4300
1475	   504.97	 1.0300
1476	   505.08	 8.5310
1477	   505.13	 5.3040
1478	   505.71	 1.8500
1479	   505.81	 2.3320
1480	   506.17	 2.3240
1481	   506.19	 0.8100
1482	   506.35	 2.6800
1483	   506.92	 1.7100
1484	   507.21	 3.7210
1485	   507.70	 2.3400
1486	   507.88	 1.1670
1487	   508.12	 1.9900
1488	   508.37	 0.8650
1489	   509.10	 2.2600
1490	   509.24	 0.7010
1491	   509.41	 3.5500
1492	   509.57	 3.8400
1493	   509.61	 0.9600
1494	   509.93	 2.2370
1495	   510.04	 1.1540
1496	   511.04	 2.3000
1497	   511.25	 1.7000
1498	   511.41	 1.8580
1499	   511.61	 0.7600
1500	   512.35	 1.2400
1501	   512.39	 2.8400
1502	   512.62	 2.7190
1503	   512.66	 3.2400
1504	   512.70	 2.6070
1505	   513.15	 1.1400
1506	   513.36	 0.9290
1507	   513.52	 2.8190
1508	   513.97	 1.3290
1509	   514.40	 3.8160
1510	   514.44	 0.5980
1511	   514.47	 2.4000
1512	   514.55	 0.5600
1513	   514.57	 0.9390
1514	   514.68	 0.8710
1515	   514.87	 0.8000
1516	   515.21	 1.9980
1517	   515.23	 1.2530
1518	   515.27	 5.4250
1519	   515.34	 0.5200
1520	   515.61	 2.6370
1521	   515.70	 0.8900
1522	   515.89	 0.6860
1523	   516.05	 1.3300
1524	   516.51	 1.5180
1525	   517.18	 3.8500
1526	   517.24	 0.6420
1527	   517.36	 0.8190
1528	   517.43	12.4690
1529	   517.57	 4.1300
1530	   518.00	 1.3200
1531	   518.52	 2.9210
1532	   519.81	 3.8290
1533	   519.97	 3.3200
1534	   520.01	 1.8810
1535	   520.21	 1.7100
1536	   520.47	 3.4510
1537	   520.53	 2.3800
1538	   520.67	 0.5930
1539	   520.70	 6.7300
1540	   520.86	 6.1900
1541	   520.93	 0.7710
1542	   520.99	 2.0700
1543	   521.35	 4.5040
1544	   521.57	 2.1110
1545	   521.76	 2.4100
1546	   522.22	 0.5300
1547	   522.44	 0.5630
1548	   522.49	 4.0500
1549	   522.58	 3.1920
1550	   522.67	 5.0810
1551	   522.73	 1.1100
1552	   522.92	 0.7630
1553	   523.34	 4.5140
1554	   523.82	 5.4500
1555	   523.85	 1.2680
1556	   524.23	 0.5600
1557	   524.27	 4.9690
1558	   524.29	 1.7910
1559	   524.86	 0.6540
1560	   525.55	 1.2640
1561	   526.25	 0.7980
1562	   527.22	 1.9300
1563	   527.66	 9.3900
1564	   527.93	 4.6300
1565	   527.99	 1.2560
1566	   528.06	 5.7500
1567	   528.19	 4.5500
1568	   528.96	 1.0470
1569	   529.53	 1.8680
1570	   530.48	 2.6790
1571	   530.62	 3.2800
1572	   531.24	 0.6790
1573	   531.38	 6.6310
1574	   531.85	 2.9030
1575	   531.93	 2.8800
1576	   532.13	 1.4310
1577	   532.42	 3.0000
1578	   532.55	 0.5650
1579	   533.97	 1.8810
1580	   533.99	 1.6400
1581	   534.03	 7.0600
1582	   534.36	 0.5190
1583	   534.80	 0.6940
1584	   535.02	 3.8300
1585	   535.90	 0.6100
1586	   536.20	 0.9200
1587	   536.41	 2.6200
1588	   536.58	 0.7100
1589	   536.92	 1.4370
1590	   537.10	 1.0400
1591	   537.57	 1.2850
1592	   538.26	 1.6700
1593	   538.35	 1.1500
1594	   538.54	 1.4700
1595	   538.98	 2.2390
1596	   539.04	 1.7890
1597	   539.14	 1.3480
1598	   540.42	 3.3200
1599	   541.08	 1.0300
1600	   541.10	 0.7900
1601	   541.61	 1.2800
1602	   541.65	 4.4890
1603	   542.25	 0.6300
1604	   542.56	 1.7800
1605	   542.83	 1.8700
1606	   543.06	 3.0710
1607	   543.43	 9.2100
1608	   543.97	 4.7990
1609	   545.55	 2.3300
1610	   546.26	 0.5700
1611	   546.38	 0.7200
1612	   546.54	 2.5540
1613	   547.08	 0.7990
1614	   547.12	 3.8170
1615	   547.14	 2.3300
1616	   547.40	 0.9800
1617	   547.97	 2.3280
1618	   547.99	 4.8660
1619	   548.15	 5.9310
1620	   548.49	 3.5400
1621	   549.53	 5.4700
1622	   549.59	 3.0400
1623	   549.64	 0.5200
1624	   550.12	 0.6800
1625	   550.47	 2.2900
1626	   550.95	 3.3500
1627	   551.44	 4.2600
1628	   551.56	 0.8520
1629	   552.02	 1.0590
1630	   552.16	 0.5700
1631	   553.32	 1.1550
1632	   554.08	 0.5220
1633	   554.60	 0.8710
1634	   554.72	 2.5790
1635	   555.35	 0.6400
1636	   555.64	 0.8400
1637	   555.71	 4.1510
1638	   556.40	 0.9800
1639	   556.74	 1.7990
1640	   557.15	 5.4920
1641	   557.55	 6.6400
1642	   558.19	 5.6830
1643	   558.45	 2.1000
1644	   558.61	 1.8400
1645	   559.40	 3.6830
1646	   559.57	 8.7090
1647	   559.61	 1.5540
1648	   559.87	 0.7600
1649	   559.99	 2.6700
1650	   560.31	 0.8330
1651	   560.42	 0.8300
1652	   560.68	 2.4770
1653	   560.93	 1.4770
1654	   561.11	 1.5950
1655	   561.43	 0.9800
1656	   561.57	 0.7080
1658	   562.10	 2.4300
1659	   562.14	 1.3690
1660	   562.21	 4.5340
1661	   562.28	 3.7660
1662	   562.34	 0.5400
1663	   562.41	 0.6610
1664	   562.44	 3.2210
1665	   562.68	 0.8290
1666	   563.32	13.0710
1667	   563.56	 5.2700
1668	   563.91	 0.8150
1669	   564.10	 0.8500
1670	   564.21	10.1480
1671	   564.46	 0.8890
1672	   564.80	 1.6900
1673	   565.01	 2.2980
1674	   565.30	 2.3670
1675	   565.41	 1.7420
1676	   565.75	 1.2300
1677	   565.81	 7.7500
1678	   565.95	 2.8500
1679	   566.50	 4.5300
1680	   566.96	 0.5180
1681	   567.02	 2.5440
1682	   567.04	 1.1880
1683	   567.30	 1.0200
1684	   567.47	 3.6920
1685	   568.68	 2.1260
1686	   569.47	 1.9900
1687	   570.04	 0.7400
1688	   570.13	 1.4190
1689	   570.39	 3.0030
1690	   570.51	 1.2790
1691	   570.75	 3.7000
1692	   571.26	 0.8410
1693	   571.82	 2.0700
1694	   571.94	 2.5620
1695	   572.01	 3.5580
1696	   572.72	 1.2350
1697	   572.86	 6.9800
1698	   573.33	 0.6070
1699	   573.71	 1.7080
1700	   573.78	 0.7450
1701	   574.26	 1.5260
1702	   574.33	 8.0200
1703	   574.35	 3.8100
1704	   574.76	 1.4790
1705	   575.47	 5.4000
1706	   576.22	 0.9980
1707	   576.45	 4.0300
1708	   576.97	 4.3600
1709	   577.21	 1.9090
1710	   577.87	 1.8000
1711	   578.06	 2.2700
1712	   578.58	 0.7190
1713	   578.66	 1.0400
1714	   579.01	 5.2080
1715	   579.46	 2.4550
1716	   580.21	 1.4190
1717	   580.24	 1.4300
1718	   580.41	 1.8000
1719	   580.50	 2.9500
1720	   580.84	 9.1510
1721	   581.11	 2.6110
1722	   581.35	 1.4320
1723	   581.58	 1.9500
1724	   581.80	 1.0580
1725	   581.91	 8.0950
1726	   583.03	 0.5160
1727	   583.09	 1.3510
1728	   583.19	 3.6700
1729	   583.50	 0.8940
1730	   584.13	 1.2410
1731	   584.38	 0.9790
1732	   584.56	 2.6200
1733	   585.23	 7.9760
1734	   585.36	 7.2700
1735	   585.44	 0.6160
1736	   585.75	 3.9160
1737	   585.81	 0.5600
1738	   585.93	 1.6200
1739	   586.02	 6.1380
1740	   586.08	 1.7440
1741	   586.45	 1.5000
1742	   586.62	 0.9070
1743	   587.06	 2.8880
1744	   587.30	 2.9870
1745	   588.63	 2.9170
1746	   588.84	 3.7500
1747	   588.89	 4.4200
1748	   588.93	 1.2500
1749	   589.09	 0.6580
1750	   589.23	 0.8940
1751	   589.42	 6.1400
1752	   589.61	 0.7200
1753	   589.92	 0.9900
1754	   590.31	 2.0100
1755	   590.38	 2.0200
1756	   590.74	 0.9300
1757	   590.98	 0.7200
1758	   591.15	 5.2630
1759	   591.19	 2.3300
1760	   591.28	 1.5460
1761	   591.62	 0.7740
1762	   592.21	 2.0500
1763	   592.41	 0.9510
1764	   592.49	 1.3500
1765	   592.56	 2.4710
1766	   592.65	 2.5060
1767	   593.14	 1.3880
1768	   593.21	 4.1800
1769	   593.45	 0.5280
1770	   593.47	10.9800
1771	   593.85	 1.1200
1772	   594.07	 5.2810
1773	   594.43	 2.2400
1774	   595.12	 5.1070
1775	   595.61	 0.8300
1776	   596.35	 1.7210
1777	   596.67	 0.7200
1778	   597.23	 0.6400
1779	   597.27	 0.8400
1780	   597.44	 1.1220
1781	   597.47	 1.8560
1782	   597.89	 0.7080
1783	   598.11	 1.9820
1784	   598.67	10.7420
1785	   598.69	 4.4430
1786	   598.73	 4.7490
1787	   599.00	 1.8800
1788	   599.19	 1.1020
1789	   599.48	 2.6440
1790	   599.79	 8.7200
1791	   599.83	 0.7710
1792	   600.15	 1.6600
1793	   600.31	 2.0510
1794	   600.62	 1.6600
1795	   600.80	 0.7290
1796	   600.84	 4.6950
1797	   600.87	 2.1020
1798	   600.94	 0.9620
1799	   601.33	 1.3430
1800	   601.80	 5.4000
1801	   601.89	 2.1670
1802	   601.94	 3.0540
1803	   602.15	 4.4380
1804	   602.47	 0.5880
1805	   602.53	 3.3850
1806	   602.64	 2.4590
1807	   603.08	 1.3880
1808	   603.12	 1.3500
1809	   603.27	 2.0120
1810	   603.35	 1.3800
1811	   603.82	 1.1600
1812	   603.86	 1.8250
1813	   604.08	 7.6390
1814	   604.39	 3.3290
1815	   604.46	 0.5200
1816	   604.78	 3.1290
1817	   604.84	 0.5700
1818	   605.48	 2.2590
1819	   606.06	 5.9490
1820	   607.33	 3.9790
1821	   607.54	 1.1560
1822	   607.63	 0.6510
1823	   608.12	 1.7690
1824	   609.31	 0.7710
1825	   609.48	 7.3670
1826	   610.51	 2.0700
1827	   611.35	 5.8590
1828	   611.51	 0.5980
1829	   612.18	 1.4190
1830	   612.27	 0.7310
1831	   612.63	 3.8600
1832	   613.30	 8.6720
1833	   613.36	 0.8700
1834	   613.88	 1.1600
1835	   614.39	 4.4650
1836	   615.13	 2.8000
1837	   615.70	 1.9040
1838	   615.93	 4.7410
1839	   616.07	 2.0870
1840	   616.49	 1.0900
1841	   616.80	 2.2170
1842	   617.09	 0.9510
1843	   617.12	 1.4010
1844	   617.33	 1.2400
1845	   617.37	 4.6400
1846	   617.94	 0.9000
1847	   618.13	 0.9300
1848	   618.39	 1.5300
1849	   618.85	 9.6010
1850	   618.87	 1.4390
1851	   619.66	 1.3830
1852	   620.61	 2.1900
1853	   620.68	 2.6250
1854	   621.12	 4.5300
1855	   621.36	 4.0600
1856	   621.38	 5.3800
1857	   622.81	 3.1510
1858	   623.00	 7.5090
1859	   623.12	 0.7350
1860	   623.93	 2.2000
1861	   624.15	 3.3760
1862	   624.21	 1.1700
1863	   624.36	 0.6090
1864	   624.39	 1.4590
1865	   624.58	 1.0700
1866	   624.67	 2.7690
1867	   624.84	 6.3300
1868	   624.86	 4.8400
1869	   625.05	 5.5700
1870	   625.07	 2.8900
1871	   625.53	 1.1610
1872	   626.00	 4.0230
1873	   626.04	 1.5500
1874	   626.90	 0.8510
1875	   627.09	 0.7390
1876	   627.40	 1.3210
1877	   628.14	 3.5300
1878	   628.53	 1.3810
1879	   628.94	 1.4990
1880	   629.11	 0.9310
1881	   629.15	 3.8850
1882	   629.24	 0.6000
1883	   629.29	 2.5800
1884	   629.55	 3.4520
1885	   630.06	 8.2920
1886	   630.08	 2.4010
1887	   630.29	17.5520
1888	   630.34	 1.1410
1889	   630.53	 0.7660
1890	   630.67	 4.5530
1891	   630.91	 0.7200
1892	   631.67	 1.9600
1893	   631.84	 0.5500
1894	   631.88	 0.6410
1895	   631.92	 2.4900
1896	   632.01	 2.6910
1897	   632.42	 0.6810
1898	   632.94	 3.4490
1899	   633.65	 3.0160
1900	   634.19	 1.3350
1901	   635.05	10.9790
1902	   635.19	 0.7300
1903	   635.61	 1.1900
1904	   635.90	 0.5310
1905	   636.07	 1.2730
1906	   636.36	 6.8040
1907	   636.57	 1.3000
1908	   636.71	 1.6010
1909	   637.10	 5.4360
1910	   637.19	 3.5180
1911	   637.28	 1.7800
1912	   637.35	 2.0500
1913	   637.51	 0.7900
1914	   638.16	 4.6590
1915	   638.47	 1.3500
1916	   638.91	 3.8410
1917	   639.77	 1.4710
1918	   639.98	 3.5110
1919	   640.30	 4.5990
1920	   640.35	 1.3200
1921	   640.40	 0.8600
1922	   641.79	 0.9300
1923	   641.94	 0.9280
1924	   642.03	 0.6600
1925	   642.42	 1.0210
1926	   642.78	 0.8310
1927	   643.34	 4.0510
1928	   643.85	 1.3360
1929	   644.04	 5.8500
1930	   644.98	 1.7410
1931	   645.54	 4.4420
1932	   646.06	 0.7340
1933	   646.67	 2.9440
1934	   647.14	 1.1600
1935	   647.63	 0.7930
1936	   647.86	 2.3920
1937	   648.75	 4.2750
1938	   648.82	 7.9300
1939	   648.86	 2.7180
1940	   649.08	 1.1300
1941	   649.12	 1.3130
1942	   649.61	 1.8330
1943	   649.77	 1.7900
1944	   649.79	 3.8800
1945	   649.86	 2.8100
1946	   650.05	 4.0200
1947	   650.16	 1.7600
1948	   650.83	 1.4590
1949	   651.38	 0.5200
1950	   651.51	 2.3940
1951	   652.51	 0.9140
1952	   653.01	 3.4080
1953	   653.17	 2.5910
1954	   653.24	 3.5350
1955	   653.27	 1.6500
1956	   653.54	 1.5640
1957	   653.98	 0.5890
1958	   655.39	 5.9520
1959	   655.48	 1.0620
1960	   655.80	 0.5200
1961	   655.82	10.4390
1962	   656.16	 1.7100
1963	   656.37	 3.6500
1964	   656.39	 2.1600
1965	   656.80	 1.3470
1966	   657.12	 8.2600
1967	   657.30	 1.8400
1968	   657.47	 0.6600
1969	   657.76	 3.9600
1970	   658.88	10.2100
1971	   658.91	 1.5620
1972	   659.13	 4.8510
1973	   659.30	 1.6590
1974	   659.51	 4.7770
1975	   659.55	 3.2800
1976	   659.67	 3.7600
1977	   659.88	 0.8900
1978	   659.98	 2.0700
1979	   660.07	 0.5210
1980	   661.03	 0.6500
1981	   661.25	10.3020
1982	   661.49	 1.1710
1983	   661.63	 3.7900
1984	   662.71	 1.5000
1985	   662.73	 1.5990
1986	   662.75	 1.5600
1987	   662.79	 5.1190
1988	   663.03	 0.7040
1989	   663.17	 1.3880
1990	   663.23	 1.0800
1991	   663.43	 0.7850
1992	   663.61	 2.4190
1993	   663.98	 8.6100
1994	   665.32	10.0300
1995	   665.50	 2.4840
1996	   665.59	 1.0010
1997	   665.74	 1.9310
1998	   666.03	 3.6890
1999	   666.09	 1.4050
2000	   666.18	 4.4130
2001	   666.33	 3.6790
2002	   666.36	 0.8230
2003	   666.39	 5.5600
2004	   666.52	 0.5600
2005	   666.54	 3.8490
2006	   666.86	 0.5300
2007	   667.05	 3.4960
2008	   667.34	 1.3410
2009	   667.37	 0.6130
2010	   667.71	 0.6100
2011	   668.06	 1.7700
2012	   668.87	 6.7100
2013	   669.34	 3.1500
2014	   669.90	 1.5090
2015	   669.94	 3.4390
2016	   670.18	 2.4770
2017	   670.54	 3.3000
2018	   670.66	 0.7500
2019	   671.20	 2.0400
2020	   671.26	 8.8610
2021	   671.46	 1.9630
2022	   671.60	 1.4400
2023	   671.81	 0.5900
2024	   672.03	13.3000
2025	   672.12	17.7260
2026	   672.98	 0.6670
2027	   673.07	 1.7010
2028	   673.19	 0.7720
2029	   673.25	 1.4600
2030	   673.36	 0.6360
2031	   673.98	 0.7700
2032	   674.02	 4.9900
2033	   674.08	 2.1600
2034	   674.57	 2.3100
2035	   674.72	 2.0600
2036	   675.50	 6.8600
2037	   675.72	 2.2500
2038	   675.93	 0.6840
2039	   675.97	 9.1590
2040	   676.01	14.0840
2041	   676.75	 0.5200
2042	   676.87	 3.4760
2043	   677.04	 0.5980
2044	   677.65	 1.9900
2045	   677.89	 3.4420
2046	   678.15	 2.1230
2047	   678.20	 2.4810
2048	   678.24	 0.5200
2049	   678.43	 1.1590
2050	   678.74	 2.2000
2051	   678.80	 2.1110
2052	   679.05	 1.0000
2053	   679.31	 0.9900
2054	   679.67	 1.2980
2055	   679.91	 8.5990
2056	   679.96	 0.6200
2057	   680.47	 1.9110
2058	   680.51	 4.3900
2059	   681.13	 1.1520
2060	   681.46	 1.1340
2061	   681.48	 1.0100
2062	   681.57	 7.0890
2063	   681.59	 1.6620
2064	   681.65	 0.6600
2065	   682.02	 2.6350
2066	   682.23	 0.5620
2067	   682.58	 4.3000
2068	   682.76	 0.7130
2069	   682.83	 9.4710
2070	   683.34	 0.7600
2071	   683.46	 2.7580
2072	   683.97	 1.1480
2073	   684.04	 1.1600
2074	   684.08	 2.1200
2075	   684.77	 3.7890
2076	   685.11	 1.1900
2077	   685.33	 0.5580
2078	   685.77	 6.1420
2079	   686.23	 1.2200
2080	   686.39	13.6800
2081	   686.83	 4.0100
2082	   686.92	 0.6410
2083	   687.02	 0.7400
2084	   687.46	 3.4100
2085	   687.97	 1.2310
2086	   688.29	 1.1680
2087	   688.53	 1.8900
2088	   688.64	 6.6300
2089	   688.96	 1.8680
2090	   689.10	 1.8830
2091	   689.68	 2.6690
2092	   690.38	 1.3400
2093	   690.61	 0.5300
2094	   690.78	10.9940
2095	   691.14	 0.5390
2096	   691.36	 1.5240
2097	   691.50	 5.9640
2098	   691.58	 2.6900
2099	   692.08	 3.8840
2100	   692.74	 0.6000
2101	   692.98	 4.5600
2102	   693.09	 5.4700
2103	   693.11	 1.5810
2104	   693.83	 6.4300
2105	   693.91	 0.8810
2106	   693.96	 2.3030
2107	   694.29	 0.6000
2108	   694.49	 0.7200
2109	   694.52	 4.1510
2110	   694.97	 1.7590
2111	   695.05	 5.8100
2112	   695.12	 0.9200
2113	   695.59	 1.8300
2114	   695.67	 4.7750
2115	   695.74	 0.8030
2116	   695.88	 1.0600
2117	   696.18	 1.3200
2118	   696.58	 1.2500
2119	   696.80	 4.3100
2120	   697.04	 2.9900
2121	   697.10	15.4710
2122	   697.23	 1.8700
2123	   697.46	 0.6260
2124	   698.32	 3.4980
2125	   698.77	 3.1700
2126	   699.01	 5.4410
2127	   699.09	 0.5600
2128	   699.28	 2.7420
2129	   699.37	 1.6300
2130	   699.76	 0.5210
2131	   699.78	 2.9530
2132	   700.79	 2.9030
2133	   701.33	 3.2100
2134	   701.70	 1.2800
2135	   701.76	 0.8610
2136	   701.78	 6.7400
2137	   701.84	13.3290
2138	   701.88	 3.8700
2139	   701.93	 0.8200
2140	   702.24	 8.2100
2141	   702.77	 1.4250
2142	   703.06	 0.6200
2143	   703.20	 2.9800
2144	   703.75	 2.9690
2145	   704.86	 1.4200
2146	   704.92	 1.7400
2147	   705.02	 0.7400
2148	   705.71	 2.0680
2149	   706.46	 0.6300
2150	   707.16	 1.0400
2151	   707.44	 1.0690
2152	   707.59	 1.2000
2153	   708.60	 0.7410
2154	   709.02	 4.2000
2155	   709.73	 4.1700
2156	   709.75	 2.2490
2157	   709.96	 4.9400
2158	   710.92	 1.0410
2159	   711.23	 1.3700
2160	   711.52	 3.6700
2161	   711.54	 5.0620
2162	   711.89	 0.9700
2163	   712.35	 2.0220
2164	   712.71	 6.5110
2165	   712.91	 3.3400
2166	   713.57	 3.7180
2167	   713.91	 0.8920
2168	   714.29	 0.6700
2169	   714.34	 2.7100
2170	   714.93	 0.5220
2171	   715.36	 1.9700
2172	   715.53	 1.0200
2173	   716.02	 2.1480
2174	   716.96	 1.1700
2175	   717.12	 2.8090
2176	   717.16	 0.6890
2177	   717.58	 2.4000
2178	   718.42	 0.6910
2179	   718.81	 3.0340
2180	   718.88	 4.2100
2181	   719.09	 3.6600
2182	   719.26	 1.6700
2183	   719.29	 6.8200
2184	   719.36	 8.2700
2185	   719.60	 0.5200
2186	   719.89	 9.7570
2187	   720.60	 3.9810
2188	   720.82	 2.0600
2189	   721.07	 0.6200
2190	   721.13	 2.8120
2191	   721.59	 2.1600
2192	   721.64	11.4280
2193	   721.90	 2.2690
2194	   722.19	 1.5800
2195	   722.26	 0.5300
2196	   722.72	 0.6100
2197	   723.04	 0.8510
2198	   723.65	 1.8190
2199	   724.04	 3.7310
2200	   724.82	 2.3600
2201	   724.94	 2.6690
2202	   724.98	 3.1500
2203	   725.20	 5.9340
2204	   725.78	 0.5180
2205	   726.07	 4.1300
2206	   726.77	 5.2580
2207	   726.90	 7.0800
2208	   727.00	 7.8110
2209	   727.04	 7.2700
2210	   727.10	 0.9700
2211	   727.39	 2.2940
2212	   727.73	 1.6780
2213	   727.80	 3.1520
2214	   728.16	 1.0300
2215	   728.30	 1.3600
2216	   728.59	13.6930
2217	   728.83	11.6840
2218	   728.90	 2.3890
2219	   729.21	 4.3560
2220	   729.38	 6.3900
2221	   729.70	 0.5490
2222	   729.74	 0.6130
2223	   730.67	 1.8390
2224	   731.27	 7.7000
2225	   731.66	 3.9540
2226	   731.69	 0.7800
2227	   732.18	 2.6000
2228	   732.22	 1.3000
2229	   732.57	 0.5220
2230	   733.08	 1.0370
2231	   733.84	 1.4800
2232	   733.91	 3.7390
2233	   733.93	 0.9630
2234	   734.29	 4.0000
2235	   734.65	 3.3000
2236	   734.97	 0.6520
2237	   735.09	 5.2200
2238	   735.13	 2.9500
2239	   735.17	 2.0800
2240	   735.68	 3.1600
2241	   735.79	 1.0200
2242	   735.81	 1.8990
2243	   735.92	 3.1130
2244	   736.68	 0.6320
2245	   736.83	 0.6500
2246	   736.96	 2.9690
2247	   737.18	 1.3500
2248	   737.22	 1.6190
2249	   737.24	 3.4000
2250	   737.63	 1.1100
2251	   738.07	 1.9290
2252	   738.58	10.8670
2253	   739.92	 3.0400
2254	   740.26	 1.4300
2255	   740.97	 1.4480
2256	   741.26	 4.6230
2257	   741.88	 1.2310
2258	   742.32	 6.6750
2259	   742.35	 2.1590
2260	   742.50	 2.2700
2261	   743.48	 1.0860
2262	   743.80	 2.0300
2263	   743.82	 2.1100
2264	   744.03	 3.9290
2265	   744.19	 1.4380
2266	   744.26	10.6300
2267	   744.47	 1.8700
2268	   745.07	 1.2480
2269	   745.10	 1.7900
2270	   745.12	 2.1000
2271	   745.16	 1.9200
2272	   745.31	 1.2880
2273	   745.52	 0.8510
2274	   745.56	 1.7300
2275	   746.20	 0.0190
2276	   746.22	 2.9700
2277	   746.63	 4.5630
2278	   746.84	 1.8800
2279	   746.94	 1.3600
2280	   747.28	 1.6710
2281	   747.76	 2.0560
2282	   747.90	 1.8500
2283	   747.95	 6.5110
2284	   748.36	 2.2400
2285	   748.58	 0.8880
2286	   748.77	 1.6010
2287	   748.83	 2.5700
2288	   749.17	 3.5100
2289	   749.33	 1.8800
2290	   749.72	15.7200
2291	   750.07	 1.9960
2292	   750.19	 1.0170
2293	   750.32	 4.3900
2294	   750.62	 1.3900
2295	   750.85	 1.3900
2296	   750.87	 3.2100
2297	   751.01	 0.9400
2298	   751.58	 0.5510
2299	   751.84	 0.8900
2300	   752.70	 1.0590
2301	   753.42	 1.5290
2302	   753.88	 2.1780
2303	   753.97	 6.5800
2304	   754.44	 2.3190
2305	   754.93	 6.7790
2306	   755.14	 2.5820
2307	   755.53	 0.7200
2308	   755.60	 3.3990
2309	   755.89	 5.6600
2310	   756.01	 4.4300
2311	   756.37	 0.8890
2312	   756.56	 0.5190
2313	   756.77	 0.9820
2314	   757.53	 0.8400
2315	   757.83	 1.6260
2316	   758.73	 0.5420
2317	   758.82	 6.8830
2318	   758.84	 0.6250
2319	   758.98	 2.9010
2320	   759.07	 2.4780
2321	   759.11	 1.2190
2322	   760.35	 0.9100
2323	   760.38	 4.0900
2324	   761.13	 0.5200
2325	   761.36	 0.6450
2326	   761.58	 0.6110
2327	   761.87	 1.5060
2328	   761.96	 4.9930
2329	   762.05	 3.7900
2330	   762.39	 0.9400
2331	   762.66	 0.8610
2332	   763.19	 2.7070
2333	   763.21	 1.1470
2334	   763.71	 0.6920
2335	   763.84	 1.3960
2336	   764.16	 4.0010
2337	   764.30	 7.5340
2338	   764.56	 0.6300
2339	   764.83	 2.7490
2340	   764.92	 1.1940
2341	   766.01	 0.6100
2342	   766.40	 5.0400
2343	   766.74	 2.5400
2344	   766.87	 0.5500
2345	   766.97	 2.5000
2346	   767.58	 3.2620
2347	   767.64	 1.6310
2348	   767.83	 0.7800
2349	   767.87	 0.9100
2350	   768.27	 1.1640
2351	   769.33	 0.6410
2352	   769.50	 2.9320
2353	   770.35	 2.2300
2354	   771.20	 4.0100
2355	   771.39	 1.2600
2356	   771.62	 1.6690
2357	   771.86	 1.1300
2358	   772.81	 1.9900
2359	   773.27	 2.6500
2360	   773.38	 1.8200
2361	   773.60	 0.5300
2362	   773.74	 0.8200
2363	   773.90	 0.5200
2364	   774.52	 0.6000
2365	   774.64	 0.5710
2366	   774.67	 0.8310
2367	   775.36	 1.8400
2368	   775.97	 1.9300
2369	   776.29	 1.9900
2370	   776.41	 0.8200
2371	   776.50	 3.1110
2372	   776.77	 1.5810
2373	   777.35	 1.6800
2374	   777.37	 2.4940
2375	   777.71	 3.6040
2376	   778.29	 4.2700
2377	   778.53	 2.4170
2378	   778.73	 3.2420
2379	   779.02	 2.9100
2380	   779.06	 1.2420
2381	   779.19	 3.2050
2382	   779.56	 0.6090
2383	   779.70	 6.6980
2384	   780.12	 1.0230
2385	   780.14	 3.6000
2386	   780.25	 7.6100
2387	   780.56	 0.6200
2388	   780.60	 1.1110
2389	   780.85	 3.3600
2390	   781.23	 1.1900
2391	   781.62	 6.5180
2392	   781.86	 1.0110
2393	   783.17	 4.5500
2394	   783.91	 0.9880
2395	   784.61	 0.9300
2396	   785.51	 1.3300
2397	   785.91	 1.6090
2398	   786.24	 1.7100
2399	   786.99	 2.1580
2400	   787.15	 3.3700
2401	   787.17	 1.5980
2402	   787.30	 1.8510
2403	   787.45	 3.7100
2404	   787.71	 0.8020
2405	   787.75	 2.5080
2406	   788.02	 4.7290
2407	   789.05	 2.7200
2408	   789.10	 0.7110
2409	   789.44	 2.1500
2410	   789.97	 2.6090
2411	   790.11	 4.9150
2412	   790.25	 8.8100
2413	   790.79	 2.5860
2414	   790.93	 5.8110
2415	   791.50	 2.6700
2416	   791.57	 2.5420
2417	   792.01	 1.1920
2418	   792.12	 1.5320
2419	   793.28	 6.6490
2420	   793.42	 3.5490
2421	   793.99	 6.3180
2422	   794.30	 2.6700
2423	   794.67	 2.0590
2424	   795.31	 4.3700
2425	   795.57	 0.8910
2426	   795.74	 2.6940
2427	   795.83	 3.9240
2428	   796.27	 0.6380
2429	   796.31	 3.7960
2430	   796.50	 1.4790
2431	   796.96	 0.5800
2432	   797.20	 1.5950
2433	   797.54	 0.6800
2434	   797.66	 1.9300
2435	   798.10	 3.0970
2436	   798.69	 2.0400
2437	   798.78	 0.6420
2438	   799.57	 2.3550
2439	   800.43	 5.2900
2440	   800.49	 1.9900
2441	   800.86	 1.1600
2442	   801.29	10.0310
2443	   803.03	 3.1800
2444	   803.46	 1.2850
2445	   803.91	 1.2700
2446	   804.60	 5.9010
2447	   804.90	 3.7600
2448	   805.00	 0.9200
2449	   805.54	 6.6760
2450	   805.68	 0.9360
2451	   805.97	 2.7400
2452	   806.23	 0.9510
2453	   806.85	 0.7600
2454	   807.59	 1.0880
2455	   807.68	 1.1000
2456	   808.98	 8.4500
2457	   809.53	 1.9090
2458	   809.82	 3.5000
2459	   810.03	 1.7900
2460	   810.17	 1.5890
2461	   810.27	 0.8410
2462	   811.00	 6.4040
2463	   811.10	 0.8600
2464	   811.38	 1.6800
2465	   811.45	 1.0710
2466	   811.74	 5.9120
2467	   812.11	 3.7400
2468	   812.19	 0.5170
2469	   812.64	 1.1300
2470	   813.23	 8.0400
2471	   813.26	 2.4000
2472	   813.48	 0.6680
2473	   813.87	 2.1320
2474	   813.93	 3.8660
2475	   814.58	 0.8390
2476	   814.86	 1.2380
2477	   814.96	 1.5200
2478	   814.99	 2.4810
2479	   815.33	 0.7640
2480	   815.52	 0.5200
2481	   815.97	 8.9430
2482	   816.18	 3.0570
2483	   816.99	 3.4800
2484	   817.23	 1.1110
2485	   818.17	 4.2690
2486	   819.90	 4.8130
2487	   820.74	 2.1200
2488	   820.98	 1.0040
2489	   821.03	 0.7530
2490	   821.16	 2.0500
2491	   821.24	 0.8520
2492	   821.33	 1.2800
2493	   821.46	 0.9120
2494	   821.96	 0.7790
2495	   822.12	 5.6010
2496	   822.16	 0.8000
2497	   822.48	 2.7020
2498	   823.04	 5.2320
2499	   823.58	 6.3100
2500	   823.67	16.9940
2501	   824.18	 7.9110
2502	   824.27	14.0500
2503	   824.59	 2.4680
2504	   824.64	 1.8600
2505	   826.41	 0.8580
2506	   826.45	 1.1270
2507	   826.72	 2.6400
2508	   826.99	 1.7100
2509	   827.17	 3.2030
2510	   827.26	 0.6980
2511	   827.60	 9.0900
2512	   827.75	 2.6500
2513	   828.06	 0.7500
2514	   828.31	 1.0500
2515	   828.91	 1.9140
2516	   829.26	 0.6110
2517	   829.40	 4.0460
2518	   829.53	 1.2000
2519	   830.47	 0.8300
2520	   830.61	 8.3710
2521	   830.66	13.5080
2522	   830.77	 1.2190
2523	   830.86	 0.9560
2524	   830.90	 0.6390
2525	   832.04	 0.9170
2526	   832.28	 6.4640
2527	   832.45	 0.9040
2528	   832.99	 3.0290
2529	   833.50	 2.3150
2530	   833.66	 1.0990
2531	   834.47	 2.8300
2532	   834.59	 8.7390
2533	   834.76	 4.6400
2534	   835.17	 1.2030
2535	   835.21	 3.3800
2536	   835.40	 3.0660
2537	   835.72	 1.8810
2538	   836.03	 1.4600
2539	   836.08	 2.7900
2540	   836.86	 2.5190
2541	   837.43	11.1200
2542	   838.94	 9.2700
2543	   839.13	 0.7490
2544	   840.16	 3.1110
2545	   840.30	 0.9790
2546	   840.35	 1.0600
2547	   841.66	 4.2500
2548	   842.25	 0.9010
2549	   842.39	 4.3240
2550	   842.51	 0.8150
2551	   842.65	 2.1100
2552	   842.73	 4.1580
2553	   842.98	 1.3790
2554	   843.02	 1.2480
2555	   843.80	 0.7920
2556	   844.02	 1.0090
2557	   844.79	 3.1400
2558	   844.92	 2.0600
2559	   844.94	 4.9460
2560	   845.06	 4.0000
2562	   845.54	 0.8170
2563	   845.56	 0.5800
2564	   845.59	 3.5700
2565	   846.09	 2.0900
2566	   846.12	 5.6710
2567	   846.97	 0.5200
2568	   847.15	 0.5190
2569	   847.37	 2.0200
2570	   847.41	 0.9070
2571	   847.70	 1.2690
2572	   847.76	 1.3200
2573	   847.88	 0.7600
2574	   847.92	 4.2700
2575	   848.04	 0.5470
2576	   848.35	 0.6830
2577	   848.64	 0.8900
2578	   848.76	 2.8160
2579	   848.82	 2.0900
2580	   848.86	 1.2870
2581	   849.58	 2.6710
2582	   849.77	 1.4900
2583	   850.21	 1.0400
2584	   850.54	 1.0910
2585	   850.84	 2.9100
2586	   851.02	 2.1800
2587	   851.52	 0.7400
2588	   852.05	 0.5700
2589	   852.19	 2.4400
2590	   852.40	 3.1100
2591	   852.82	 0.8110
2592	   853.49	 0.5400
2593	   853.68	 1.9210
2594	   854.01	 2.1030
2595	   854.10	 1.9820
2596	   854.15	 0.6400
2597	   854.48	 3.0190
2598	   854.75	 5.2580
2599	   854.77	 0.9890
2600	   855.00	 0.8180
2601	   855.04	 0.7020
2602	   855.08	 0.5200
2603	   855.27	 1.5800
2604	   855.57	 1.6700
2605	   856.78	 0.8000
2606	   857.31	 4.2250
2607	   858.13	12.3000
2608	   858.74	 0.5620
2609	   858.86	 1.2800
2610	   858.90	 4.0690
2611	   859.06	 1.6590
2612	   859.70	 0.9200
2613	   859.85	 4.4000
2614	   860.16	 4.2800
2615	   860.53	 2.7900
2616	   860.67	 4.1790
2617	   860.86	 0.6200
2618	   861.30	 6.6500
2619	   861.39	 1.4890
2620	   862.27	 2.8200
2621	   862.93	 7.2500
2622	   863.28	 1.1100
2623	   863.41	 1.8790
2624	   863.43	 3.9330
2625	   863.47	 0.9410
2626	   863.69	 5.1050
2627	   864.17	 2.8300
2628	   864.49	 3.2120
2629	   865.08	 0.5200
2630	   865.17	 4.5100
2631	   865.19	 1.7090
2632	   865.65	 2.6500
2633	   866.19	 1.8990
2634	   866.28	 3.5900
2635	   866.45	 7.2480
2636	   866.49	 2.0720
2637	   866.86	 1.6400
2638	   867.77	 2.4000
2639	   868.01	 1.4680
2640	   868.24	 1.6500
2641	   868.46	 1.1810
2642	   868.85	 5.2240
2643	   869.09	 1.6800
2644	   869.12	 0.5140
2645	   869.59	 5.0190
2646	   869.95	 3.8200
2647	   870.20	 2.6320
2648	   871.06	 2.3060
2649	   871.55	 0.5800
2650	   871.69	 1.6420
2651	   871.76	 0.7160
2652	   872.00	 4.5190
2653	   872.38	 2.3070
2654	   872.52	 1.6700
2655	   872.56	 2.3090
2656	   872.81	 9.1290
2657	   873.02	 3.6100
2658	   873.11	 3.9720
2659	   874.05	 8.0600
2660	   874.19	 2.4500
2661	   874.40	 1.9650
2662	   874.52	 1.3980
2663	   874.96	 0.5920
2664	   876.09	 1.4310
2665	   876.26	 3.7990
2666	   876.47	 1.2820
2667	   877.78	 2.0800
2668	   878.01	 0.5470
2669	   878.87	 2.1110
2670	   879.15	 1.3000
2671	   879.20	 0.6200
2672	   879.27	 2.2990
2673	   879.93	 1.1300
2674	   880.49	 4.9820
2675	   880.61	 0.7000
2676	   881.05	 1.3000
2677	   882.00	 4.3000
2678	   882.15	17.1710
2679	   882.22	 4.4690
2680	   882.25	 0.5800
2681	   882.45	 1.7500
2682	   882.89	10.3710
2683	   883.45	 0.6050
2684	   883.57	 1.5720
2685	   883.81	 1.3000
2686	   883.85	 5.9790
2687	   884.04	 1.0800
2688	   884.53	 2.0760
2689	   885.32	 1.3900
2690	   885.85	 1.4520
2691	   886.09	 6.0500
2692	   886.31	 4.0900
2693	   886.58	 1.5060
2694	   886.86	13.6800
2695	   887.11	 2.1400
2696	   887.50	 0.6900
2697	   887.63	 0.9690
2698	   888.38	 1.8690
2699	   888.57	 1.4900
2700	   889.16	 1.5000
2701	   889.22	 3.4500
2702	   889.46	 3.8770
2703	   889.80	 0.7300
2704	   890.02	 7.9700
2705	   890.11	 1.3640
2706	   890.13	 1.0080
2707	   890.84	 3.0390
2708	   890.92	 2.4330
2709	   891.83	 1.7820
2710	   891.97	 0.6100
2711	   892.41	 0.9670
2712	   893.07	 1.0540
2713	   893.69	 0.6900
2714	   893.76	 0.5820
2715	   894.22	 2.7480
2716	   894.64	 8.2930
2717	   894.67	 3.3200
2718	   895.17	 1.8400
2719	   896.26	 0.9180
2720	   896.44	 1.5900
2721	   896.83	 1.2750
2722	   896.90	 1.6900
2723	   897.07	 0.7290
2724	   897.36	 0.9000
2725	   897.85	 5.6710
2726	   898.39	 1.2490
2727	   898.50	 1.1860
2728	   898.56	 1.5030
2729	   898.65	 4.7690
2730	   898.90	 1.6000
2731	   899.31	 0.6160
2732	   900.05	 0.5200
2733	   900.50	 0.8940
2734	   900.80	 3.9300
2735	   900.98	 0.5300
2736	   901.10	 0.6210
2737	   901.77	 0.5630
2738	   901.81	 0.8710
2739	   901.95	 2.6700
2740	   902.46	 8.3740
2741	   902.51	 2.1800
2742	   902.75	 1.8680
2743	   902.81	 1.2660
2744	   904.50	 2.6130
2745	   904.69	 8.4500
2746	   904.72	17.2590
2747	   904.81	 1.9170
2748	   905.23	 4.4600
2749	   905.42	 1.1300
2750	   905.63	 3.1400
2751	   905.68	 1.8990
2752	   906.44	 4.9400
2753	   906.73	 0.9300
2754	   906.80	 1.3500
2755	   906.94	 0.6090
2756	   907.05	 0.5510
2757	   907.07	 1.3680
2758	   907.09	 1.1300
2759	   907.37	 2.6800
2760	   907.54	 0.7600
2761	   907.73	 3.3600
2762	   908.34	 0.8100
2763	   908.39	 0.6310
2764	   908.82	 1.9210
2765	   909.47	 6.6500
2766	   909.63	 1.3900
2767	   909.70	 8.1410
2768	   909.79	 8.8950
2769	   910.18	 3.4400
2770	   910.27	 1.7220
2771	   910.84	 2.6500
2772	   910.95	 0.9480
2773	   911.17	 0.6600
2774	   911.23	 2.4800
2775	   911.37	 2.8410
2776	   911.43	 1.7700
2777	   911.58	 0.8270
2778	   912.33	 8.2790
2779	   912.82	 1.5670
2780	   912.97	 1.3970
2781	   913.11	 1.9200
2782	   913.32	 1.2300
2783	   913.46	 2.3510
2784	   913.48	 4.3300
2785	   914.27	 2.7480
2786	   914.31	 1.5850
2787	   914.49	 1.1650
2788	   914.93	 0.6830
2789	   914.98	 3.5780
2790	   915.10	 0.7720
2791	   915.80	 9.4100
2792	   915.85	 3.1700
2793	   915.98	 0.9100
2794	   916.52	 1.7200
2795	   916.62	 0.6600
2796	   916.76	 1.5840
2797	   917.00	 0.5410
2798	   917.26	 3.3580
2800	   917.85	 3.5720
2801	   919.03	 0.5170
2802	   919.67	 2.2100
2803	   920.39	11.5500
2804	   920.73	 3.9900
2805	   920.89	 4.5380
2806	   921.15	 3.9420
2807	   921.62	 3.8900
2808	   921.66	 0.7030
2809	   921.73	 6.7200
2810	   922.07	17.4530
2811	   922.16	 1.1110
2812	   922.23	 7.2300
2813	   922.36	 1.7700
2814	   922.41	 1.1500
2815	   922.80	 1.2600
2816	   923.06	 1.4490
2817	   923.47	 0.8210
2818	   923.77	 2.0970
2819	   924.06	 2.0910
2820	   924.10	 5.8000
2821	   924.16	 2.5720
2822	   924.26	 3.5920
2823	   924.29	 0.9390
2824	   924.38	 2.5200
2825	   924.43	 6.3230
2826	   924.54	 1.4540
2827	   924.73	 2.1890
2828	   924.80	 4.3510
2829	   925.91	 0.6700
2830	   926.30	 1.5180
2831	   926.37	 0.7600
2832	   926.48	 7.3000
2833	   926.65	 2.1900
2834	   926.69	 1.5160
2835	   926.71	 1.4290
2836	   927.21	 0.5190
2837	   927.26	 1.8800
2838	   927.65	 4.7410
2839	   928.06	 3.2400
2840	   928.16	 0.5700
2841	   928.27	 0.7400
2842	   928.51	 0.5280
2843	   929.22	 0.9610
2844	   929.26	 0.5160
2845	   929.70	 1.9100
2846	   930.02	 1.0790
2847	   930.51	 3.4990
2848	   930.64	17.3340
2849	   930.66	 0.6400
2850	   931.62	 1.0790
2851	   931.66	 2.7950
2852	   931.96	 0.8500
2853	   932.52	 5.2400
2854	   932.96	 3.4190
2855	   933.03	 1.5900
2856	   933.07	 0.8690
2857	   933.11	 3.3100
2858	   933.13	 0.6420
2859	   933.16	 1.0260
2860	   933.58	 1.1100
2861	   934.34	 6.2800
2862	   934.69	 1.0190
2863	   934.95	 1.1100
2864	   935.24	 1.4820
2865	   935.66	 1.2680
2866	   935.90	13.0210
2867	   936.16	 6.0980
2868	   936.40	 0.8830
2869	   936.67	 4.3000
2870	   936.80	 2.6800
2871	   936.99	 2.3700
2872	   937.11	 3.8200
2873	   938.22	 2.0290
2874	   938.34	 2.1700
2875	   938.63	 2.6820
2876	   938.74	 3.9790
2877	   938.83	 1.4300
2878	   938.91	 0.8400
2879	   939.06	 1.1390
2880	   939.37	 0.6890
2881	   939.74	 1.0000
2882	   940.51	 2.3900
2883	   941.05	 0.5700
2884	   941.08	17.5790
2885	   941.28	 2.1790
2886	   941.35	 0.7400
2887	   941.53	 2.1590
2888	   941.75	10.5820
2889	   942.36	 7.6800
2890	   942.88	 1.7120
2891	   943.17	 5.1590
2892	   943.54	 3.3620
2893	   943.80	 4.4300
2894	   944.11	 0.9000
2895	   944.30	 3.4590
2896	   944.65	 0.6870
2897	   945.13	 2.4620
2898	   945.30	 1.1100
2899	   946.08	 0.6300
2900	   946.21	 3.3900
2901	   946.29	 0.6060
2902	   946.89	 0.8100
2903	   946.97	 1.0780
2904	   947.11	 0.7310
2905	   947.63	 0.9260
2906	   947.69	 0.5400
2907	   947.71	 5.3080
2908	   947.93	 0.7810
2909	   948.12	 3.3620
2910	   948.98	 0.5300
2911	   949.27	 8.3100
2912	   949.95	 4.9210
2913	   950.03	 0.6990
2914	   950.12	 4.0300
2915	   950.21	 0.8010
2916	   950.45	 4.5240
2917	   950.64	 2.2780
2918	   950.93	 2.4000
2919	   951.24	 1.3190
2920	   951.63	10.1600
2921	   951.68	 5.2300
2922	   951.73	 1.0630
2923	   951.83	 0.5500
2924	   951.96	 0.8700
2925	   952.18	 2.2480
2926	   952.30	 7.1400
2927	   952.64	 5.2300
2928	   953.40	 7.1180
2929	   953.64	 5.7200
2930	   954.48	 0.5390
2931	   955.41	 1.1000
2932	   955.48	 1.6510
2933	   955.80	 6.8500
2934	   956.41	13.8980
2935	   956.47	 0.7310
2936	   956.57	 2.1820
2937	   956.65	 0.6500
2938	   957.17	 4.3310
2939	   957.54	 4.3800
2940	   958.25	 3.2750
2941	   958.51	 1.8070
2942	   958.66	 4.1700
2943	   958.75	 1.1300
2944	   958.98	 4.5290
2945	   959.78	 7.0500
2946	   960.41	 2.2020
2947	   960.65	 1.7000
2948	   960.72	 4.8220
2949	   960.96	 0.9070
2950	   961.05	 3.6160
2951	   962.08	 5.9720
2952	   962.85	 0.9800
2953	   962.96	 0.9440
2954	   963.36	 0.6270
2955	   964.05	 5.2400
2956	   964.08	 0.8820
2957	   964.18	 1.4300
2958	   964.27	 1.2940
2959	   964.68	 1.8200
2960	   964.70	 4.6860
2961	   964.84	 0.9900
2962	   965.15	 7.0620
2963	   965.25	 0.5670
2964	   965.48	 0.9510
2965	   965.63	 0.8900
2966	   966.49	 0.8410
2967	   966.75	 1.5000
2968	   966.77	 2.3700
2969	   968.27	 2.4140
2970	   968.30	 7.0500
2971	   968.43	 0.8530
2972	   968.65	 5.5200
2973	   968.99	 0.9500
2974	   969.06	 1.5720
2975	   969.66	 0.6600
2976	   969.83	 1.1300
2977	   970.50	 2.5790
2978	   970.66	 4.3480
2979	   970.72	 0.5170
2980	   971.12	 3.3450
2981	   971.20	 2.8000
2982	   971.38	 2.1900
2983	   971.83	 0.6000
2984	   971.90	 2.7960
2985	   973.27	 1.2900
2986	   973.75	 2.6960
2987	   974.17	 1.7900
2988	   974.61	 0.5210
2989	   974.67	 1.0600
2990	   974.97	 0.8500
2991	   975.05	 1.4410
2992	   975.10	 1.4210
2993	   975.23	 2.8700
2994	   975.30	 1.7630
2995	   975.56	 1.1390
2996	   975.60	 0.6800
2997	   975.84	 3.4110
2998	   975.87	 1.0110
2999	   976.25	 9.3000
3000	   976.87	 1.8000
3001	   976.99	 2.4370
3002	   977.57	 1.0170
3003	   978.21	 0.7280
3004	   978.37	 0.6090
3005	   978.51	14.5200
3006	   978.88	 1.6300
3007	   979.03	 0.7380
3008	   979.21	 0.7110
3009	   979.78	 2.1800
3010	   980.17	 1.2320
3011	   980.93	 3.0610
3012	   981.14	 1.2020
3013	   981.19	 2.6800
3014	   981.75	 0.6200
3015	   982.78	 7.4370
3016	   983.23	 2.5800
3017	   983.34	 0.7200
3018	   983.39	 3.7130
3019	   983.97	 1.8770
3020	   984.11	 4.3690
3021	   984.72	 6.6900
3022	   985.11	 2.8690
3023	   985.50	 0.9300
3024	   986.70	 2.5770
3025	   986.74	 1.6000
3026	   986.90	 3.1370
3027	   987.06	 4.7200
3028	   987.67	13.3520
3029	   989.06	 6.8710
3030	   989.45	 1.8510
3031	   989.50	 3.2610
3032	   989.64	 0.6180
3033	   989.67	 2.8900
3034	   990.19	 1.1530
3035	   990.77	 0.5180
3036	   991.24	 1.2620
3037	   991.91	 3.6400
3038	   992.07	 3.4490
3039	   992.18	 3.4310
3040	   992.22	 5.6520
3041	   992.56	 3.8900
3042	   992.58	 0.6770
3043	   992.64	 2.9000
3044	   993.01	 6.8880
3045	   993.38	 0.6240
3046	   994.17	 0.6000
3047	   994.38	 1.1700
3048	   994.72	 5.5610
3049	   995.15	 4.2830
3050	   995.17	 2.5520
3051	   995.58	 1.6600
3052	   995.93	 1.7100
3053	   996.61	 1.5940
3054	   996.90	 0.7460
3055	   997.26	 1.1310
3056	   999.32	 1.8560
3057	   999.41	 2.1700
3058	   999.50	 0.5900
3059	   999.97	 4.8410
3060	  1000.11	 3.0000
3061	  1000.37	 1.1100
3062	  1000.46	 3.5280
3063	  1001.03	 3.9950
3064	  1002.07	 5.7600
3065	  1002.58	 2.5610
3066	  1003.25	 1.0490
3067	  1003.91	 2.3610
3068	  1004.79	 3.8480
3069	  1005.06	 4.2310
3070	  1006.02	 1.2400
3071	  1006.08	 1.8800
3072	  1006.20	 0.5900
3073	  1006.79	 4.4080
3074	  1007.01	 0.8690
3075	  1007.15	 3.6600
3076	  1007.29	 1.4480
3077	  1007.47	 2.1600
3078	  1007.54	 5.8880
3079	  1007.73	 1.0900
3080	  1007.83	 1.7340
3081	  1008.19	 2.6900
3082	  1008.36	 3.6600
3083	  1008.77	 3.2090
3084	  1008.98	 1.4780
3085	  1009.18	 3.7910
3086	  1009.59	 0.8240
3087	  1009.73	 0.6100
3088	  1010.04	 1.8180
3089	  1010.33	 3.9310
3090	  1010.90	 1.5610
3091	  1012.18	 3.2600
3092	  1012.21	 3.4690
3093	  1012.32	 2.5320
3094	  1012.83	 0.5480
3095	  1013.59	 1.7590
3096	  1013.68	 1.8780
3097	  1013.76	 2.5310
3098	  1014.29	 0.5160
3099	  1014.41	12.8800
3100	  1015.44	 0.6500
3101	  1016.68	 0.5110
3102	  1017.05	 1.0090
3103	  1017.34	14.9070
3104	  1017.88	 1.1400
3105	  1017.99	 0.7110
3106	  1018.33	16.0090
3107	  1018.98	 1.1160
3108	  1019.11	 4.2200
3109	  1019.78	 2.1190
3110	  1020.29	 4.3820
3111	  1020.73	 3.9510
3112	  1021.02	 1.2550
3113	  1021.54	 2.1700
3114	  1021.97	 2.7850
3115	  1022.04	 1.4470
3116	  1022.50	 3.4500
3117	  1022.62	 5.4390
3118	  1022.83	 3.6880
3119	  1023.23	 1.6790
3120	  1023.74	 0.5400
3121	  1024.60	 3.4840
3122	  1024.82	 0.9700
3123	  1024.85	 0.9530
3125	  1025.24	 4.4900
3126	  1025.81	 0.6050
3127	  1025.85	 2.9200
3128	  1025.99	 0.8520
3129	  1026.40	 7.1690
3130	  1026.74	 4.2080
3131	  1027.10	 1.0900
3132	  1027.15	 2.1860
3133	  1027.17	 0.9390
3134	  1027.90	 2.8500
3135	  1027.92	 2.1570
3136	  1028.29	 3.7390
3137	  1028.65	 2.9300
3138	  1028.81	 0.5800
3139	  1028.88	 1.2520
3140	  1029.02	 0.6700
3141	  1029.33	 5.5470
3142	  1029.88	 2.1720
3143	  1030.12	 1.5900
3144	  1030.23	12.4100
3145	  1030.65	 1.8490
3146	  1030.86	 4.3490
3147	  1030.92	 2.1500
3148	  1030.97	16.9180
3149	  1031.30	 2.4810
3150	  1031.44	 2.0700
3151	  1032.03	 2.1300
3152	  1032.15	 1.8610
3153	  1032.64	 1.0900
3154	  1033.30	 2.2200
3155	  1033.75	 1.4800
3156	  1033.84	 2.5420
3157	  1035.29	 1.4630
3158	  1035.36	 3.4460
3159	  1035.43	 2.1220
3160	  1035.81	 0.6100
3161	  1036.08	 0.0190
3162	  1036.39	 1.2400
3163	  1036.41	 1.3740
3164	  1036.97	 4.6280
3165	  1037.07	 0.8600
3166	  1037.18	 0.5150
3167	  1037.42	11.4800
3168	  1037.76	 0.9890
3169	  1038.06	 0.6680
3170	  1038.14	 4.4790
3171	  1038.23	 2.4800
3172	  1038.82	11.0610
3173	  1038.90	 2.1230
3174	  1039.06	 1.7500
3175	  1039.22	 3.2320
3176	  1039.42	 0.6500
3177	  1039.55	 0.9670
3178	  1039.82	 2.0510
3179	  1040.15	 1.4390
3180	  1040.25	 5.5450
3181	  1041.13	 2.2340
3182	  1041.32	 3.0500
3183	  1041.49	 2.9590
3184	  1041.55	 0.5930
3185	  1041.72	 0.8770
3186	  1042.28	 1.2400
3187	  1042.45	 7.6300
3188	  1042.67	 1.2410
3189	  1042.78	 1.6200
3190	  1042.90	 0.7570
3191	  1043.04	 4.2810
3192	  1043.52	 1.5600
3193	  1043.72	 2.7680
3194	  1044.58	 6.0330
3195	  1044.77	 1.0210
3196	  1044.84	 4.8200
3197	  1045.79	 0.5200
3198	  1046.03	 2.6900
3199	  1046.28	 3.4900
3200	  1046.42	 1.0230
3201	  1046.75	 1.0110
3202	  1047.35	 3.5700
3203	  1047.71	 0.7000
3204	  1047.73	 0.7690
3205	  1047.99	 1.4770
3206	  1048.05	 1.4410
3207	  1049.16	 7.1210
3208	  1049.18	 0.8400
3209	  1049.44	 2.7110
3210	  1049.61	 1.0890
3211	  1050.82	 0.6510
3212	  1051.03	 2.2500
3213	  1051.40	 0.7570
3214	  1051.61	 1.9310
3215	  1051.98	 1.1100
3216	  1052.09	 1.0700
3217	  1052.44	 0.5190
3218	  1052.50	 3.7300
3219	  1052.77	 0.8250
3220	  1052.94	 2.7100
3221	  1053.37	 1.2400
3222	  1053.78	 0.9330
3223	  1054.00	 0.5830
3224	  1054.14	 0.7490
3225	  1054.34	 5.7950
