0	0	0.054
1	0.71	0.129
2	0.84	0.099
3	1.66	0.181
4	2.59	0.481
5	2.65	0.223
6	3.24	0.049
7	3.43	0.401
8	3.8	0.221
9	3.89	0.125
10	4.24	0.143
11	5.16	0.618
12	5.26	0.095
13	5.38	0.306
14	5.41	0.089
15	5.65	0.093
16	5.7	-0.014
17	7.05	0.109
18	7.19	0.046
19	7.34	0.236
20	7.73	0.18
21	8.04	0.368
22	8.48	0.107
23	9.15	0.961
24	9.69	0.015
25	10.13	0.141
26	11.31	0.811
27	11.4	0.405
28	11.58	0.017
29	11.89	0.026
30	12.1	0.03
31	12.29	0.035
32	12.34	0.027
33	12.83	0.561
34	13.27	0.348
35	13.65	0.178
36	13.72	0.14
37	13.85	0.139
38	14.12	0.014
39	14.49	0.582
40	14.79	0.025
41	15.16	0.904
42	15.64	0.034
43	15.82	0.002
44	16.98	0.341
45	17.09	0.14
46	17.52	1.128
47	18.24	0.029
48	18.74	1.02
49	18.74	0.101
50	18.75	0.206
51	19.16	0.185
52	20.32	0.141
53	21.3	0.359
54	21.45	0.046
55	21.91	0.14
56	24.28	0.317
57	25.13	0.031
58	25.59	0.085
59	25.94	0.318
60	26.28	0.033
61	26.38	0.566
62	26.53	0.204
63	26.69	0.025
64	27.3	0.086
65	27.49	0.073
66	27.52	0.035
67	27.79	0.831
68	28.21	-0.005
69	28.44	0.21
70	30.25	0.038
71	30.88	0.042
72	31.22	0.335
73	31.81	0.138
74	31.96	0.505
75	31.97	0.084
76	32.28	0.057
77	32.3	-0.004
78	32.32	0.106
79	33.22	0.061
80	33.51	0.528
81	33.92	0.532
82	34.57	0.243
83	35.09	0.018
84	37.38	0.322
85	37.38	0.139
86	37.51	0.114
87	37.55	0.34
88	37.78	0.121
89	37.83	0.101
90	38.18	0.084
91	38.88	0.226
92	39.27	0.114
93	39.55	0.024
94	40.42	0.029
95	41.57	0.146
96	42.41	0.059
97	42.61	0.287
98	42.89	0.878
99	44.05	0.021
100	44.07	0.302
101	44.21	0.092
102	44.83	0.291
103	45.47	0.073
104	45.98	0.074
105	46.29	0.042
106	46.5	0.026
107	46.95	0.058
108	47.78	0.091
109	48.24	0.047
110	48.55	0.197
111	48.9	0.056
112	49.06	0.189
113	49.27	0.171
114	49.31	0.135
115	49.59	0.506
116	49.81	0.059
117	50.09	0.528
118	51	0.216
119	51.03	0.003
120	52.21	0.49
121	52.29	1.071
122	52.52	0.011
123	53.03	0.452
124	53.38	0.122
125	53.6	0.057
126	54.69	0.251
127	54.73	0.298
128	55.63	0.375
129	56.19	0.133
130	56.3	0.114
131	56.64	0.003
132	57.03	0.145
133	57.14	0.142
134	58.86	0.403
135	58.99	0.043
136	59.04	0.165
137	59.08	0.092
138	59.39	0.073
139	59.49	1.385
140	59.98	0.061
141	60.05	0.033
142	60.48	0.227
143	61.05	0.121
144	61.26	0.084
145	61.29	0.147
146	61.76	0.156
147	62.04	0.041
148	62.11	0.095
149	62.2	0.645
150	62.98	0.351
151	63.78	0.532
152	64.4	0.138
153	64.91	0.021
154	65.38	0.311
155	65.55	0.397
156	66.96	0.084
157	67.17	0.13
158	67.36	0.057
159	67.8	0.043
160	68.38	0.015
161	68.87	1.065
162	68.97	0.393
163	69.42	0.003
164	69.51	0.098
165	70.54	0.642
166	70.57	0.204
167	71.29	0.194
168	71.69	0.065
169	72.61	0.098
170	73.34	0.163
171	73.48	0.464
172	73.84	0.586
173	73.91	0.225
174	74.28	0.259
175	74.3	0.324
176	75.53	0.233
177	75.57	0.042
178	75.88	0.045
179	75.91	0.224
180	76.1	0.251
181	76.35	0.071
182	77.68	0.236
183	78.03	0.351
184	78.52	0.032
185	80.51	0.091
186	80.92	0.514
187	81.14	0.105
188	81.45	0.309
189	81.85	0.082
190	81.95	0.015
191	82.58	0.39
192	82.7	0.306
193	82.77	0.501
194	83.93	0.041
195	84.7	0.178
196	84.91	0.115
197	84.94	0.014
198	85.21	0.028
199	85.39	0.009
200	85.42	0.036
201	85.68	0.041
202	85.71	0.277
203	85.76	0.509
204	86.05	0.022
205	86.68	0.198
206	86.79	0.066
207	86.96	0.634
208	87.1	0.05
209	87.54	0.025
210	87.66	0.081
211	87.9	0.393
212	88.22	0.357
213	88.59	0.124
214	88.67	0.013
215	88.72	0.135
216	88.81	0.035
217	90.16	0.004
218	91.26	0.08
219	91.53	0.715
220	91.82	0.216
221	91.9	0.075
222	92.18	0.021
223	92.25	0.078
224	92.33	0.195
225	93.44	0.193
226	93.53	0.204
227	93.69	0.185
228	94.37	0.493
229	94.51	-0.005
230	94.76	1.203
231	95.03	0.101
232	95.05	0.041
233	95.1	0.051
234	96.93	0.375
235	96.94	0.445
236	97.05	0.114
237	97.56	0.017
238	98.3	0.042
239	98.45	0.161
240	98.62	0.217
241	98.63	0.398
242	99.16	0.027
243	100.41	0.197
244	100.47	0.118
245	101.38	0.065
246	101.75	0.089
247	101.99	0.041
248	102.21	0.439
249	103.1	0.331
250	104.48	0.045
251	104.62	0.203
252	104.72	0.039
253	106.23	0.736
254	106.35	0.039
255	106.38	0.841
256	106.84	0.252
257	107.08	0.023
258	107.45	0.184
259	107.89	0.108
260	109.13	0.192
261	109.58	0.337
262	109.66	0.075
263	110.12	0.335
264	110.58	0.674
265	111	0.326
266	111.32	0.119
267	112.04	-0.013
268	112.11	0.018
269	112.12	0.033
270	112.5	0.017
271	112.58	0.012
272	112.6	0.07
273	112.77	0.128
274	112.98	0.044
275	113.5	0.006
276	113.52	0.497
277	114.51	0.52
278	114.92	0.643
279	116.07	0.305
280	116.07	0.862
281	117.44	0.133
282	119.01	0.32
283	119.37	0.1
284	119.57	0.035
285	119.61	0.143
286	120.72	0.33
287	121.54	0.113
288	122.22	0.033
289	122.87	0.925
290	123.09	0.078
291	123.54	0.25
292	123.63	0.198
293	124.13	0.194
294	124.27	0.038
295	124.66	0.163
296	124.94	0.322
297	125.04	0.106
298	125.24	0.09
299	125.38	0.212
300	126.99	0.142
301	127	0.121
302	128.38	0.05
303	129.24	0.005
304	129.43	0.065
305	129.69	0.092
306	130.84	0.388
307	130.98	0.182
308	131.2	0.383
309	132.42	0.885
310	132.71	0.101
311	133.76	0.098
312	133.78	0.084
313	133.95	0.009
314	134.18	0.429
315	134.46	0.041
316	134.97	0.31
317	136.3	0.479
318	136.32	0.155
319	136.84	0.031
320	138.51	0.084
321	139.23	0.216
322	139.4	0.078
323	140.13	0.085
324	140.86	0.182
325	141.29	0.044
326	141.64	0.385
327	142.24	0.239
328	142.41	0.01
329	142.47	0.011
330	143.45	0.072
331	143.54	0.143
332	144.21	0.075
333	144.26	0.03
334	144.51	0.004
335	145.83	0.062
336	145.86	1.043
337	146.21	0.251
338	146.34	1.201
339	146.47	0.034
340	146.5	0.094
341	147.22	0.146
342	147.95	0.34
343	149.25	0.067
344	149.95	0.035
345	150.49	0.418
346	150.65	0.049
347	150.68	0.014
348	151.93	0.14
349	152.86	0.726
350	153.04	0.018
351	153.21	0.026
352	153.65	0.075
353	154.95	0.102
354	155.22	0.275
355	155.62	0.348
356	155.81	0.14
357	156.19	0.024
358	156.84	0.134
359	157.19	0.663
360	157.3	0.062
361	157.32	0.061
362	158.02	0.392
363	158.26	0.056
364	158.63	0.332
365	158.93	0.034
366	158.95	0.14
367	159.03	0.171
368	159.75	0.073
369	160.61	0.044
370	160.96	0.002
371	161.18	0.033
372	161.45	0.051
373	161.48	0.572
374	162.74	0.132
375	162.98	0.169
376	163.48	0.054
377	164.46	0.026
378	164.52	0.753
379	164.78	0.024
380	164.88	0.038
381	164.89	0.047
382	165.14	0.333
383	165.52	0.07
384	166.99	0.436
385	167.1	0.555
386	167.13	0.06
387	167.32	0.163
388	167.4	0.103
389	167.46	0.024
390	168.29	0.279
391	169.93	0.251
392	169.95	0.025
393	170.05	0.123
394	171.27	0.255
395	171.53	0.173
396	171.56	1.583
397	172.09	0.038
398	172.14	0.453
399	173.13	0.034
400	173.37	0.492
401	173.38	0.082
402	173.41	0.195
403	173.55	0.273
404	173.75	0.022
405	173.95	0.098
406	174.73	0.506
407	175.31	0.118
408	176.2	0.075
409	176.24	0.22
410	176.52	0.051
411	176.63	0.075
412	177.52	0.129
413	178.19	0.106
414	178.31	0.201
415	179.49	0.093
416	179.7	0.206
417	180.21	0.149
418	181.1	0.133
419	181.41	0.181
420	182.04	0.115
421	182.2	0.126
422	182.21	0.111
423	182.31	0.099
424	182.42	0.539
425	182.9	0.156
426	183.68	1.344
427	183.79	0.041
428	184.06	0.025
429	184.06	0.024
430	184.14	0.975
431	184.44	0.108
432	185.24	0.344
433	185.44	0.202
434	185.67	1.144
435	186.15	0.52
436	186.56	0.121
437	186.96	0.016
438	187.63	0.111
439	187.74	0.519
440	187.8	0.157
441	188.15	0.062
442	188.99	0.098
443	189.1	0.365
444	189.25	0.858
445	189.29	0.084
446	190.99	0.098
447	191.19	0.201
448	191.26	1.189
449	191.31	0.025
450	192.16	0.092
451	192.96	0.076
452	193.01	0.053
453	193.85	0.125
454	195.02	0.072
455	195.26	0.051
456	196.51	0.26
457	196.56	0.537
458	198.05	0.075
459	198.39	0.051
460	198.47	0.107
461	198.54	0.423
462	198.64	0.044
463	198.68	0.249
464	199.38	0.074
465	199.41	0.125
466	200.62	0.057
467	200.7	0.014
468	200.91	0.061
469	201.03	0.123
470	201.63	0.387
471	201.64	0.095
472	202.07	0.02
473	202.82	-0.007
474	203.29	0.098
475	203.59	0.127
476	204.56	0.655
477	205.02	0.043
478	206.1	0.596
479	206.45	0.03
480	206.53	0.123
481	206.82	0.082
482	206.88	0.151
483	207.73	0.043
484	207.94	0.54
485	208.16	0.106
486	208.58	0.169
487	210.14	0.025
488	210.74	0.229
489	211.13	0.784
490	212.92	0.353
491	213.11	0.026
492	213.31	0.046
493	213.98	0.351
494	214.07	0.111
495	214.12	0.545
496	214.33	0.109
497	214.65	0.28
498	215.16	0.016
499	215.44	0.091
500	215.61	0.157
501	215.82	0.219
502	217.25	0.109
503	217.37	0.034
504	217.5	0.054
505	217.57	0.006
506	217.86	0.121
507	217.98	0.294
508	218.47	0.413
509	218.57	0.088
510	218.58	0.471
511	218.84	0.1
512	219.02	0.55
513	219.09	0.139
514	219.13	0.047
515	219.87	0.515
516	221.28	0.028
517	221.76	0.011
518	221.94	0.483
519	222.3	0.114
520	222.59	0.195
521	222.7	0.124
522	223	0.325
523	223.06	0.292
524	223.55	0.057
525	223.6	0.124
526	223.62	0.135
527	224.3	0.076
528	224.59	0.828
529	226.1	0.037
530	226.53	0.297
531	227.19	0.084
532	228.05	0.099
533	228.15	0.016
534	228.39	0.023
535	228.71	0.09
536	229.48	0.056
537	230.9	0.132
538	231.39	0.017
539	232.01	0.078
540	232.13	0.373
541	233.33	0.015
542	233.81	0.141
543	234.49	0.082
544	235.04	0.123
545	235.36	0.101
546	236.62	0.128
547	236.73	0.04
548	237.21	0.903
549	238.33	0.036
550	238.52	0.175
551	238.54	0.32
552	238.56	0.166
553	238.99	0.054
554	239.21	0.016
555	239.82	0.017
556	239.84	0.053
557	240.29	0.494
558	240.35	0.175
559	240.39	0.05
560	240.67	0.006
561	240.87	0.05
562	240.9	0.302
563	240.96	0.042
564	241.3	0.052
565	241.65	0.027
566	242.07	0.411
567	242.49	0.066
568	242.5	0.169
569	243.5	0.491
570	244.06	0.152
571	244.92	0.067
572	245.01	0.008
573	245.38	0.05
574	245.65	0.038
575	246.14	0.515
576	246.81	0.508
577	247.5	0.028
578	249.09	0.937
579	249.47	0.851
580	249.66	0.146
581	250.19	0.018
582	250.71	0.058
583	250.86	0.055
584	251.42	0.235
585	252.99	0.026
586	253.58	0.112
587	254.05	0.183
588	255	0.489
589	255.38	0.367
590	255.9	0.695
591	256.08	0.11
592	256.84	0.035
593	257.15	0.028
594	258.02	0.019
595	258.98	0.033
596	259.42	0.025
597	259.61	0.034
598	260.05	0.071
599	260.16	0.023
600	260.6	0.096
601	260.61	0.161
602	260.65	0.309
603	261.58	0.116
604	261.71	0.116
605	262.1	0.018
606	262.92	0.066
607	263.23	0.32
608	263.8	0.788
609	264.31	0.143
610	266.01	0.183
611	266.18	0.584
612	266.27	0.042
613	267.24	0.197
614	267.89	0.077
615	268.76	0.8
616	269	0.002
617	269.12	0.188
618	269.67	0.055
619	270.75	0.559
620	270.82	0.192
621	271.44	0.405
622	271.49	0.005
623	271.59	0.141
624	271.63	0.052
625	271.7	0.107
626	271.73	0.091
627	272	0.142
628	272.13	0.074
629	272.25	0.235
630	272.33	0.062
631	273.32	0.299
632	273.8	0.035
633	274.06	0.18
634	274.89	0.647
635	275.39	0.249
636	275.61	0.693
637	275.9	0.109
638	276.13	0.232
639	276.22	0.294
640	276.22	0.107
641	276.82	0.341
642	277.02	0.051
643	277.07	0.081
644	277.23	0.003
645	277.39	0.006
646	277.81	0.077
647	278.05	0.131
648	278.52	0.508
649	279.68	0.078
650	279.74	0.33
651	280.34	0.026
652	280.46	0.226
653	280.75	0.219
654	281.49	0.157
655	281.57	0.133
656	281.85	0.298
657	281.88	0.097
658	282.68	0.021
659	282.71	0.038
660	282.72	0.125
661	283.65	0.116
662	283.67	0.021
663	283.79	0.475
664	283.82	0.36
665	283.82	0.014
666	284.66	0.058
667	286.13	0.152
668	286.2	0.327
669	286.66	0.026
670	288.51	0.498
671	290.62	0.516
672	290.79	0.224
673	290.85	0.646
674	291.42	0.056
675	291.47	0.183
676	291.54	0.175
677	292.32	1.104
678	292.58	0.229
679	292.68	0.105
680	293.4	0.1
681	294.18	0.031
682	294.88	0.268
683	295.46	0.146
684	295.59	0.323
685	295.91	0.052
686	296.31	0.005
687	296.39	0.079
688	298.31	0.041
689	298.33	0.006
690	298.64	0.094
691	299.37	0.111
692	299.77	0.06
693	299.84	0.09
694	300.07	0.457
695	300.75	0.025
696	300.78	0.105
697	300.93	0.234
698	301.58	0.117
699	301.79	0.89
700	302.59	0.07
701	302.89	0.182
702	303.36	0.133
703	303.57	0.099
704	303.62	0.122
705	303.9	0.098
706	305.26	0.089
707	305.35	0.393
708	305.4	0.46
709	305.61	0.149
710	305.87	0.28
711	305.88	0.096
712	305.95	0.036
713	306.25	0.108
714	306.41	0.225
715	306.68	0.157
716	307.06	0.114
717	307.54	0.389
718	307.73	0.108
719	307.75	0.065
720	308.7	0.035
721	309.1	0.165
722	310.06	0.195
723	310.38	0.559
724	310.98	0.078
725	311.29	0.375
726	311.7	0.067
727	311.74	0.054
728	312.08	0.146
729	312.78	0.111
730	313.38	0.12
731	314.58	0.174
732	315.16	0.264
733	315.46	0.058
734	315.7	0.198
735	316.29	0.041
736	316.41	0.404
737	316.49	0.235
738	316.66	0.108
739	316.77	0.38
740	318.01	0.073
741	318.98	0.331
742	319.35	0.059
743	319.63	0.057
744	320.06	0.352
745	320.55	0.038
746	320.58	0.058
747	320.64	0.054
748	320.8	0.379
749	321.23	0.145
750	321.98	0.05
751	322.12	0.075
752	322.62	0.056
753	322.65	-0.014
754	322.99	0.091
755	323.42	0.224
756	323.78	0.136
757	323.82	0.091
758	324.56	0.009
759	324.62	0.051
760	324.83	0.026
761	325.29	0.25
762	325.74	0.058
763	325.96	0.596
764	326.25	0.223
765	327.09	0.046
766	327.98	0.221
767	328.68	0.132
768	329.18	0.094
769	329.43	0.082
770	329.53	0.304
771	329.74	0.035
772	329.81	0.02
773	330.4	0.066
774	330.64	0.078
775	330.92	0.043
776	331.31	0.033
777	331.63	0.036
778	332.82	0.045
779	333.31	0.068
780	333.4	0.38
781	333.68	0.162
782	333.82	0.18
783	335.05	0.09
784	335.13	0.035
785	335.2	0.931
786	335.8	0.086
787	335.97	0.276
788	336.04	0.317
789	336.29	0.066
790	336.43	0.638
791	337.16	0.492
792	337.4	0.01
793	337.59	0.079
794	337.84	0.181
795	338.25	0.094
796	338.27	0.105
797	338.85	0.003
798	338.88	0.183
799	339.02	0.56
800	339.08	0.049
801	339.53	0.114
802	339.55	0.294
803	340.43	0.034
804	341.23	0.147
805	341.38	0.259
806	341.44	0.087
807	342.08	0.141
808	343.25	0.097
809	344.18	0.1
810	344.37	0.04
811	344.66	0.186
812	345.35	0.017
813	346.04	0.116
814	346.64	0.193
815	346.91	0.214
816	346.96	0.452
817	347	0.065
818	348.72	0.164
819	348.74	0.543
820	349.19	0.163
821	349.41	0.781
822	349.81	0.429
823	349.83	0.245
824	349.96	0.079
825	350.9	0.396
826	351.49	0.106
827	351.9	0.042
828	353.17	0.022
829	354.93	0.032
830	355.13	0.043
831	355.94	0.012
832	355.95	0.149
833	356.15	0.086
834	356.42	0.056
835	356.79	0.149
836	357.07	0.513
837	357.1	0.947
838	358.2	0.425
839	358.73	0.306
840	359.55	0.108
841	359.68	0.042
842	359.97	0.088
843	360.38	0.232
844	360.69	0.024
845	361.63	1.332
846	361.75	0.049
847	362.58	0.041
848	362.76	0.052
849	363.71	0.219
850	364.47	0.122
851	364.91	0.177
852	365.45	0.144
853	366.63	0.082
854	366.83	0.18
855	367.24	0.076
856	367.61	0.029
857	368.23	0.261
858	368.35	0.711
859	368.45	0.139
860	368.89	0.043
861	369.2	0.012
862	371.03	0.018
863	371.67	0.376
864	372.11	0.005
865	372.26	0.262
866	372.38	0.095
867	372.64	0.897
868	372.96	0.31
869	373.35	0.041
870	374.32	0.3
871	374.36	0.344
872	374.37	0.041
873	374.55	0.617
874	374.87	0.036
875	374.88	0.12
876	375.32	0.304
877	375.81	0.155
878	376.23	0.286
879	376.26	0.488
880	376.58	0.067
881	376.7	0.962
882	376.83	0.016
883	377.13	0.051
884	377.47	0.308
885	377.68	0.078
886	377.73	0.052
887	377.84	0.561
888	378.05	0.58
889	378.49	0.025
890	378.68	0.065
891	379.69	0.016
892	380.24	0.731
893	380.98	0.198
894	381.47	0.04
895	381.59	0.094
896	381.71	0.391
897	382	-0.004
898	382.02	0.347
899	382.57	0.069
900	383.47	0.037
901	384.34	0.152
902	384.65	0.487
903	384.66	0.542
904	385.55	0.051
905	385.87	0.084
906	386.06	0.341
907	386.09	0.047
908	388.16	0.171
909	388.38	0.092
910	389.24	0.332
911	390.07	0.132
912	390.19	0.051
913	390.47	0.074
914	390.5	1.05
915	390.56	0.475
916	390.6	0.154
917	391.36	0.045
918	391.45	0.31
919	391.96	0.186
920	392.08	0.061
921	392.58	0.284
922	393.37	0.194
923	393.39	0.023
924	393.74	0.024
925	395.15	0.057
926	396.24	0.091
927	396.39	0.017
928	396.47	0.32
929	398.62	0.093
930	398.66	0.026
931	398.81	0.629
932	399.04	0.126
933	399.6	0.06
934	400.19	0.157
935	400.43	0.131
936	400.5	0.106
937	400.79	0.115
938	400.82	0.098
939	400.91	0.034
940	401.21	0.126
941	402.54	0.036
942	403.17	0.256
943	403.61	0.262
944	403.67	0.25
945	403.73	0.138
946	403.88	0.14
947	404.11	0.16
948	404.18	0.017
949	404.71	-0.002
950	405.19	0.647
951	405.5	0.389
952	405.72	0.431
953	405.92	0.082
954	406.32	0.794
955	406.69	0.107
956	407.76	0.146
957	407.84	0.109
958	408.43	0.034
959	409.62	0.027
960	410.14	-0.012
961	410.7	0.047
962	410.79	0.645
963	411.79	0.006
964	412.04	0.195
965	412.52	0.032
966	412.73	0.107
967	412.98	0.571
968	413.03	0.149
969	415.37	0.328
970	415.86	0.036
971	416.24	0.211
972	416.3	0.046
973	416.44	0.042
974	417.79	0.014
975	417.85	0.018
976	418.41	0.045
977	418.99	0.244
978	419.49	0.357
979	420.16	0
980	420.43	0.172
981	420.5	0.227
982	420.75	0.592
983	420.86	0.036
984	420.92	0.259
985	421.16	0.058
986	422	0.095
987	422.97	0.301
988	423.86	0.234
989	426.97	0.172
990	427.04	0.637
991	427.08	0.156
992	428	0.065
993	428.05	0.034
994	428.11	0.243
995	428.21	0.06
996	428.3	0.025
997	429.1	0.873
998	429.11	0.223
999	429.16	0.332
1000	429.81	0.098
1001	429.98	0.206
1002	430.12	0.135
1003	430.79	0.115
1004	430.98	0.634
1005	432.23	0.113
1006	432.38	0.084
1007	432.94	0.183
1008	433.85	0.109
1009	434.64	0.097
1010	435.51	0.534
1011	436.76	0.062
1012	436.78	0.501
1013	437.09	0.099
1014	438.04	0.083
1015	438.7	0.403
1016	438.93	0.064
1017	438.95	0.318
1018	440.45	0.058
1019	440.82	0.051
1020	441.12	0.435
1021	442.7	0.222
1022	442.86	0.946
1023	442.97	0.464
1024	443.23	0.1
1025	443.79	0.077
1026	443.9	0.075
1027	444.24	0.058
1028	444.61	0.017
1029	444.65	0.034
1030	445.23	0.123
1031	446.79	0.365
1032	447.25	0.057
1033	447.69	0.144
1034	448.23	0.983
1035	448.98	0.239
1036	449.64	0.055
1037	450.18	0.153
1038	451.08	0.03
1039	451.57	0.156
1040	452.05	0.066
1041	452.4	0.166
1042	452.81	0.143
1043	453.15	0.29
1044	453.66	0.045
1045	453.86	0.165
1046	454.92	0.057
1047	455.13	0.056
1048	455.24	0.544
1049	457.08	0.342
1050	457.47	0.084
1051	457.5	0.069
1052	458.27	0.035
1053	458.52	-0.011
1054	458.66	0.14
1055	458.72	0.318
1056	458.83	0.149
1057	459.45	0.252
1058	459.53	0.121
1059	460.19	0.219
1060	460.53	0.716
1061	460.69	0.099
1062	460.99	0.16
1063	461.12	0.031
1064	461.2	0.025
1065	461.52	0.025
1066	461.94	0.088
1067	462.08	0.019
1068	462.09	0.02
1069	463.57	0.011
1070	463.91	0.015
1071	465.12	0.148
1072	465.97	0.039
1073	466.97	0.267
1074	468.52	0.155
1075	468.8	0.065
1076	468.83	0.168
1077	469.4	0.014
1078	469.82	0.2
1079	469.95	0.278
1080	469.98	0.38
1081	470.22	0.077
1082	470.63	0.028
1083	470.65	0.055
1084	470.67	0.718
1085	471.77	0.203
1086	473.08	0.447
1087	473.71	0.202
1088	474.08	0.388
1089	474.53	0.042
1090	474.6	0.015
1091	474.84	0.124
1092	474.91	0.042
1093	475.04	0.085
1094	475.07	0.196
1095	475.64	0.105
1096	475.95	0.056
1097	476.24	0.18
1098	476.53	0.651
1099	476.67	0.276
1100	476.9	0.041
1101	477.24	0.027
1102	477.45	0.262
1103	478.21	0.17
1104	478.92	0.41
1105	478.96	0.098
1106	479.05	0.238
1107	479.71	0.003
1108	480.42	0.083
1109	481.08	0.174
1110	481.17	0.365
1111	481.28	0.162
1112	481.63	0.04
1113	481.76	0.06
1114	481.93	0.626
1115	482.4	0.239
1116	482.48	0.224
1117	483.8	0.058
1118	483.81	0.079
1119	484.26	0.577
1120	484.53	0.213
1121	485.63	0.01
1122	485.88	0.75
1123	487.14	0.113
1124	487.87	0.025
1125	489.54	0.359
1126	490.12	0.064
1127	490.51	0.245
1128	490.94	0.091
1129	491.18	0.11
1130	492.68	0.122
1131	492.82	0.794
1132	493.31	0.112
1133	493.87	0.102
1134	494.15	0.064
1135	494.97	0.019
1136	495.37	0.051
1137	495.47	0.291
1138	495.47	0.7
1139	495.69	-0.003
1140	495.72	0.116
1141	496.38	0.749
1142	496.84	0.164
1143	497.39	0.073
1144	497.68	0.052
1145	498.76	0.578
1146	499.48	0.715
1147	499.7	0.77
1148	500.98	0.079
1149	501.1	0.074
1150	501.15	0.741
1151	501.26	0.205
1152	501.42	0.005
1153	501.76	0.014
1154	502.3	0.222
1155	502.66	0.105
1156	502.86	0.304
1157	502.96	0.23
1158	503.29	0.143
1159	503.77	0.377
1160	504.47	0.032
1161	505.25	0.04
1162	505.42	0.171
1163	505.56	0.496
1164	505.78	0.139
1165	506.03	0.167
1166	506.65	0.445
1167	507.27	0.183
1168	507.45	0.318
1169	507.68	0.351
1170	507.84	1.21
1171	508.13	0.197
1172	508.75	0.197
1173	508.93	0.311
1174	508.94	0.026
1175	509.25	0.093
1176	509.59	0.123
1177	509.64	0.31
1178	510.12	0.337
1179	510.71	0.181
1180	510.74	0.115
1181	511.02	0.378
1182	511.29	0.328
1183	512.43	1.165
1184	512.97	0.104
1185	513.04	0.032
1186	513.17	0.019
1187	514.1	0.033
1188	514.31	0.484
1189	514.35	0.068
1190	514.65	0.08
1191	514.84	0.147
1192	514.9	0.14
1193	514.95	0.065
1194	515.24	0.186
1195	515.87	0.794
1196	515.95	0.072
1197	516.48	0.061
1198	516.8	0.046
1199	516.93	0.061
1200	516.94	0.108
1201	517.9	0.47
1202	518.08	0.024
1203	518.66	0.106
1204	519.44	0.687
1205	519.46	0.128
1206	519.6	0.123
1207	519.67	0.077
1208	520.17	0.123
1209	520.78	0.106
1210	521.06	0.186
1211	521.46	0.096
1212	521.88	0.454
1213	522	0.523
1214	523.45	0.01
1215	523.55	0.018
1216	523.89	0.076
1217	524.42	0.339
1218	525.58	0.733
1219	525.82	0.052
1220	525.91	0.226
1221	526.01	0.017
1222	526.15	0.318
1223	526.47	0.019
1224	526.77	0.132
1225	527.89	0.372
1226	528.57	0.342
1227	528.57	0.124
1228	528.81	0.199
1229	529.31	0.034
1230	529.4	0.123
1231	529.57	0.018
1232	529.6	0.026
1233	529.65	0.131
1234	530.35	0.416
1235	531.11	0.092
1236	531.16	0.663
1237	531.43	0.198
1238	531.44	0.276
1239	531.73	0.07
1240	531.92	0
1241	532.49	0.185
1242	532.83	0.072
1243	533.17	0.037
1244	533.22	0.058
1245	533.49	0.195
1246	533.88	0.149
1247	534.98	0.139
1248	535.08	0.041
1249	535.09	0.068
1250	535.5	0.033
1251	536.37	0.177
1252	536.68	0.815
1253	536.8	0.262
1254	537.23	0.149
1255	537.34	0.188
1256	537.55	0.099
1257	538.16	0.504
1258	538.34	0.06
1259	538.58	0.181
1260	538.93	0.022
1261	539.38	0.027
1262	539.48	0.061
1263	540.26	0.201
1264	540.72	0.377
1265	541.1	0.017
1266	541.53	0.302
1267	541.7	0.098
1268	541.91	0.077
1269	542.04	0.59
1270	542.37	0.023
1271	542.42	0.061
1272	542.89	0.25
1273	543.07	0.037
1274	543.71	0.011
1275	544.34	0.324
1276	544.58	0.023
1277	544.66	0.125
1278	544.82	0.046
1279	545.32	0.305
1280	545.5	0.115
1281	545.6	0.114
1282	545.67	0.133
1283	545.85	0.148
1284	545.9	0.04
1285	545.99	1.312
1286	546.4	0.09
1287	546.45	0.162
1288	546.55	0.328
1289	547.21	0.396
1290	547.46	0.157
1291	547.56	0.057
1292	548.18	0.427
1293	549.52	0.103
1294	551.01	0.187
1295	551.1	0.19
1296	551.53	0.105
1297	552.02	1.101
1298	552.86	0.652
1299	553.36	0.183
1300	554.25	0.355
1301	554.27	0.043
1302	554.75	0.037
1303	554.88	0.174
1304	555.03	0.1
1305	555.17	0.084
1306	555.99	0.036
1307	556.52	0.071
1308	556.64	0.168
1309	557.71	0.42
1310	557.95	0.18
1311	558.52	0.033
1312	558.82	0.082
1313	558.9	0.025
1314	559.15	0.069
1315	559.4	0.412
1316	559.59	0.205
1317	559.92	0.068
1318	560.12	0.099
1319	560.34	0.194
1320	560.46	0.253
1321	560.72	0.009
1322	561.59	-0.013
1323	562.14	0.056
1324	563.16	0.348
1325	563.46	0.207
1326	563.47	-0.008
1327	564.47	0.697
1328	565.09	0.162
1329	565.3	0.015
1330	565.61	0.106
1331	565.89	0.094
1332	567.05	0.205
1333	567.53	0.146
1334	567.6	0.298
1335	567.64	0.017
1336	567.96	0.16
1337	568.12	0.341
1338	568.24	0.013
1339	568.5	0.115
1340	569.26	0.146
1341	569.88	0.098
1342	570.01	0.005
1343	570.46	0.201
1344	570.49	0.053
1345	570.85	0.283
1346	571.37	0.063
1347	571.73	0.195
1348	571.9	0.019
1349	572.66	0.243
1350	572.98	1.212
1351	573.03	0.084
1352	573.26	0.225
1353	573.3	-0.005
1354	573.46	0.234
1355	573.81	1.253
1356	574.18	0.648
1357	574.24	0.098
1358	574.24	0.575
1359	574.87	0.544
1360	575.01	0.054
1361	575.15	0.221
1362	576.19	0.131
1363	576.45	0.059
1364	576.47	0.038
1365	576.5	0.172
1366	576.72	0.025
1367	576.73	0.074
1368	576.77	0.897
1369	577.76	0.029
1370	578.21	0.758
1371	578.88	0.057
1372	579.08	0.123
1373	579.35	0.041
1374	579.8	0.461
1375	580.21	0.355
1376	580.47	0.135
1377	580.67	0.057
1378	581.34	0.107
1379	581.42	0.014
1380	582.4	0.056
1381	582.56	0.584
1382	582.66	0.09
1383	582.97	0.291
1384	583.04	0.223
1385	583.19	0.348
1386	583.62	0.056
1387	583.84	0.183
1388	584.68	0.163
1389	585.69	0.225
1390	585.76	0.853
1391	585.78	0.046
1392	585.8	0.261
1393	585.91	0.045
1394	586.31	0.221
1395	587.06	0.047
1396	587.63	0.054
1397	587.87	0.044
1398	587.87	0.05
1399	588.21	0.023
1400	589.2	1.446
1401	589.27	0.057
1402	589.72	0.255
1403	589.85	0.067
1404	590.13	0.023
1405	591.12	0.009
1406	591.46	0.011
1407	591.5	0.011
1408	591.74	0.164
1409	592.12	0.254
1410	592.15	0.184
1411	592.17	0.868
1412	592.26	0.027
1413	592.48	0.074
1414	592.52	0.196
1415	592.82	0.026
1416	593.43	0.027
1417	593.45	0.357
1418	594.4	0.034
1419	596.26	0.136
1420	596.84	0.172
1421	597	0.055
1422	597.8	0.34
1423	598.45	0.515
1424	598.81	0.129
1425	599.45	0.016
1426	599.92	0.096
1427	600.33	0.108
1428	600.43	0.071
1429	600.9	0.025
1430	601.88	0.584
1431	601.92	0.071
1432	602.09	0.01
1433	602.65	0.403
1434	602.93	0.372
1435	603.9	0.263
1436	604.36	0.103
1437	605.13	0.131
1438	606.23	0.073
1439	607.01	0.887
1440	607.67	0.127
1441	607.94	0.687
1442	608.21	0.002
1443	608.84	0.195
1444	609.67	0.367
1445	609.89	0.093
1446	610.68	0.833
1447	610.87	0.128
1448	611.95	0.655
1449	612.06	0.016
1450	612.2	0.718
1451	612.81	0.022
1452	613.12	0.365
1453	613.85	0.026
1454	614.77	0.349
1455	615.06	0.082
1456	615.97	0.331
1457	616.08	0.317
1458	616.7	0.035
1459	616.92	0.226
1460	618.06	0.462
1461	618.16	0.134
1462	618.41	0.035
1463	618.51	0.009
1464	618.56	0.187
1465	619.48	0.198
1466	619.68	0.128
1467	619.75	0.044
1468	620.2	0.449
1469	620.77	0.078
1470	621.43	0.076
1471	622.42	0.625
1472	624.67	0.036
1473	624.83	-0.012
1474	626.33	0.139
1475	626.6	0.017
1476	627.02	0.09
1477	627.46	0.348
1478	627.48	0.206
1479	627.63	0.694
1480	627.76	0.027
1481	628.99	0.379
1482	629.3	0.039
1483	629.82	0.086
1484	630.17	0.154
1485	630.18	0.171
1486	630.92	0.565
1487	631.34	0.073
1488	632.48	0.098
1489	633	0.681
1490	633.26	0.076
1491	633.33	0.139
1492	633.61	0.039
1493	634.34	0.179
1494	634.57	0.064
1495	634.62	0.049
1496	635.4	0.324
1497	635.67	0.174
1498	635.82	0.81
1499	635.89	0.041
1500	635.96	0.141
1501	636.07	0.265
1502	636.36	0.248
1503	636.38	0.162
1504	636.8	0.118
1505	636.8	0.225
1506	637.51	0.036
1507	638.05	0.103
1508	638.18	0.544
1509	638.96	0.025
1510	639.24	0.156
1511	639.41	0.098
1512	639.85	0.205
1513	640.47	0.018
1514	640.61	0.058
1515	640.96	0.026
1516	640.98	0.02
1517	641.21	0.139
1518	641.55	0.14
1519	643.15	0.083
1520	643.46	0.05
1521	643.55	0.038
1522	643.56	0.027
1523	644.01	0.014
1524	644.4	0.165
1525	645.44	0.041
1526	645.95	0.082
1527	646.04	0.081
1528	646.2	0.081
1529	646.69	0.005
1530	646.72	-0.002
1531	647.25	0.065
1532	647.48	0.167
1533	647.58	0.503
1534	647.61	0.013
1535	648.1	0.407
1536	648.46	0.069
1537	648.9	0.219
1538	649.1	0.27
1539	649.15	0.14
1540	649.77	0.063
1541	649.93	0.516
1542	650.39	0.157
1543	652.5	0.033
1544	653.29	0.147
1545	654.45	0.21
1546	654.49	0.304
1547	654.5	0.114
1548	654.56	0.185
1549	655.27	0.015
1550	655.47	0.173
1551	655.76	0.182
1552	655.94	0.214
1553	656.34	0.497
1554	656.56	0.042
1555	656.57	0.22
1556	657.29	0.016
1557	657.64	0.196
1558	658.17	0.084
1559	658.26	0.036
1560	658.27	0.147
1561	658.36	0.056
1562	658.97	0.138
1563	659.72	0.12
1564	660.41	0.162
1565	660.46	0.207
1566	661.4	0.948
1567	661.61	0.135
1568	661.96	0.128
1569	662.12	0.132
1570	662.56	0.014
1571	662.64	0.163
1572	664.28	0.042
1573	664.72	0.295
1574	664.75	0.115
1575	665.04	0.058
1576	665.11	0.466
1577	665.28	0.019
1578	665.51	0.091
1579	665.57	0.05
1580	665.63	0.078
1581	665.88	0.163
1582	666.61	0.028
1583	668.56	0.274
1584	668.64	0.117
1585	669.08	0.061
1586	669.27	0.333
1587	670.33	0.058
1588	670.35	0.052
1589	671.08	0.427
1590	671.17	0.098
1591	671.66	0.227
1592	672.75	0.099
1593	673.73	0.128
1594	673.79	0.287
1595	674.77	0.693
1596	675.21	-0.004
1597	675.53	0.009
1598	675.57	0.098
1599	676.03	0.379
1600	676.87	0.056
1601	677.6	0.299
1602	678.16	0.115
1603	678.28	0.476
1604	678.36	1.35
1605	680.11	0.065
1606	680.42	0.043
1607	680.82	0.055
1608	681.6	0.155
1609	681.73	0.124
1610	683.01	0.083
1611	683.58	0.099
1612	683.73	0.34
1613	684.37	0.002
1614	684.82	1.265
1615	685.15	0.193
1616	685.46	0.387
1617	685.62	0.012
1618	686.94	0.235
1619	687.06	0.025
1620	687.38	0.09
1621	688.31	0.261
1622	689.08	0.039
1623	689.75	0.339
1624	689.97	0.677
1625	690.54	0.175
1626	690.74	0.169
1627	691.46	0.084
1628	693.55	0.039
1629	694.09	0.058
1630	695.6	0.242
1631	696.99	0.091
1632	697.16	0.081
1633	697.28	0.073
1634	697.42	0.489
1635	698.04	0.164
1636	698.08	0.018
1637	698.76	0.345
1638	699.04	0.338
1639	699.4	0.032
1640	699.69	0.074
1641	700.02	0.14
1642	700.11	0.204
1643	700.54	0.307
1644	700.54	0.13
1645	700.78	0.017
1646	701.33	0.117
1647	703.23	0.356
1648	703.28	0.41
1649	703.3	0.531
1650	703.7	0.302
1651	704.07	0.091
1652	704.18	0.049
1653	704.48	0.024
1654	705.66	0.668
1655	705.84	0.467
1656	706.37	0.146
1657	706.44	0.081
1658	707.16	0.074
1659	707.39	0.163
1660	707.79	0.124
1661	708	0.118
1662	708.12	0.017
1663	708.27	0.022
1664	708.98	0.125
1665	709.28	0.355
1666	709.65	0.065
1667	711.91	0.036
1668	712.33	0.034
1669	713.07	0.085
1670	714.54	0.056
1671	716.78	0.037
1672	717.87	0.139
1673	718.81	0.073
1674	718.82	0.014
1675	719.5	0.182
1676	719.81	0.03
1677	720.28	0.019
1678	720.7	0.013
1679	721.24	0.289
1680	721.53	0.114
1681	721.6	0.054
1682	721.66	0.707
1683	721.8	0.072
1684	722.22	0.056
1685	722.33	0.172
1686	722.61	0.045
1687	722.95	0.014
1688	723.2	0.142
1689	724.01	0.226
1690	724.61	0.019
1691	724.84	0.028
1692	725.13	0.275
1693	725.21	0.112
1694	726.75	0.314
1695	728.21	0.107
1696	728.51	0.308
1697	728.86	0.05
1698	729.31	0.291
1699	729.57	0.155
1700	729.9	0.579
1701	729.93	0.06
1702	730.53	0.082
1703	731.75	0.098
1704	731.93	0.028
1705	732.23	0.547
1706	733.13	0.154
1707	733.32	0.147
1708	733.5	0.303
1709	733.75	0.004
1710	734.17	0.277
1711	734.75	0.173
1712	735.89	0.575
1713	737.57	0.098
1714	737.71	0.147
1715	738.16	0.09
1716	738.23	0.132
1717	738.57	0.27
1718	738.66	0.068
1719	739.68	0.089
1720	739.8	0.049
1721	740.01	0.042
1722	740.31	0.104
1723	740.66	0.274
1724	740.99	0.409
1725	741.8	1.719
1726	741.84	0.228
1727	742.06	0.172
1728	742.1	0.056
1729	744.26	0.028
1730	745.56	0.089
1731	745.61	0.033
1732	745.69	0.164
1733	745.75	0.051
1734	747	0.061
1735	747.15	0.247
1736	747.39	0.112
1737	747.95	0.113
1738	748.72	0.128
1739	749.2	0.23
1740	749.29	0.131
1741	749.32	0.122
1742	749.35	0.156
1743	749.37	0.296
1744	749.64	0.055
1745	750.07	0.252
1746	750.95	0.091
1747	751.39	0.296
1748	751.4	0.093
1749	751.43	0.045
1750	751.92	0.163
1751	752.46	0.179
1752	753.07	0.539
1753	754.06	1.517
1754	755.12	0.802
1755	756.31	0.05
1756	756.41	0.041
1757	756.57	0.559
1758	757.41	0.53
1759	757.65	0.3
1760	757.75	0.11
1761	758.13	0.061
1762	758.39	0.046
1763	758.53	0.076
1764	758.89	0.154
1765	759.2	0.053
1766	759.23	0.075
1767	759.44	0.075
1768	759.68	0.18
1769	760.4	0.022
1770	760.52	0.085
1771	761.26	0.065
1772	761.93	0.098
1773	762.06	0.278
1774	763.16	0.016
1775	764.23	0.034
1776	764.5	0.027
1777	764.65	0.159
1778	764.66	0.052
1779	765.07	0.103
1780	765.27	0.034
1781	765.83	0.178
1782	767.13	0.53
1783	768.02	0.088
1784	768.45	0.033
1785	769.21	0.01
1786	770.63	0.148
1787	770.73	0.196
1788	770.9	0.614
1789	771.98	0.051
1790	772.02	0.106
1791	773.24	0.065
1792	773.34	0.538
1793	773.41	0.042
1794	773.62	0.076
1795	774.2	0.334
1796	774.22	0.14
1797	774.57	0.019
1798	774.67	0.155
1799	775.92	0.155
1800	776.66	0.228
1801	777.45	0.288
1802	777.48	0.093
1803	778.14	0.376
1804	778.32	0.141
1805	778.75	0.14
1806	779.19	0.171
1807	780.13	1.534
1808	781	0.074
1809	782.57	0.765
1810	783.52	0.082
1811	783.54	0.006
1812	783.59	0.152
1813	783.94	0.012
1814	784.1	0.265
1815	784.29	0.029
1816	784.53	1.223
1817	784.81	0.428
1818	785.07	0.131
1819	785.92	0.085
1820	786.43	0.091
1821	786.88	0.025
1822	786.94	0.039
1823	787.53	0.164
1824	788.43	0.395
1825	788.8	0.212
1826	788.95	0.292
1827	789.26	0.049
1828	789.53	0.29
1829	789.66	0.191
1830	790.25	0.036
1831	790.35	0.092
1832	790.55	0.058
1833	791.87	0.811
1834	792.77	0.142
1835	793.67	0.098
1836	793.83	0.059
1837	794.24	0.076
1838	794.96	0.14
1839	796.06	0.605
1840	796.96	0.05
1841	797.58	0.083
1842	799.19	0.056
1843	799.34	0.052
1844	799.61	0.12
1845	799.63	0.096
1846	799.92	0.382
1847	800.35	0.345
1848	800.74	0.139
1849	801.35	0.076
1850	801.87	0.043
1851	802.06	0.017
1852	802.23	0.164
1853	802.84	0.525
1854	804.51	0.01
1855	804.54	0.027
1856	805.12	0.159
1857	806.3	0.252
1858	806.36	0.714
1859	806.52	0.092
1860	807.29	0.018
1861	807.37	0.46
1862	807.48	0.327
1863	807.68	0.978
1864	808.43	0.117
1865	808.44	0.003
1866	808.56	0.393
1867	809.52	0.29
1868	809.8	0.299
1869	810.18	0.003
1870	810.45	0.076
1871	810.45	0.204
1872	810.74	0.107
1873	810.84	0.039
1874	813.33	0.124
1875	814.1	0.042
1876	814.62	0.293
1877	814.86	0.407
1878	815.25	0.077
1879	815.54	0.066
1880	815.62	0.418
1881	815.66	0.499
1882	815.98	0.057
1883	816.11	0.056
1884	816.12	0.579
1885	816.18	0.77
1886	818.88	0.283
1887	819.9	0.025
1888	821.26	0.034
1889	821.29	0.879
1890	821.39	0.106
1891	821.63	0.098
1892	822	0.072
1893	822.08	0.074
1894	822.23	0.056
1895	822.39	0.05
1896	822.59	0.121
1897	822.92	0.014
1898	822.99	0.476
1899	823.66	0.053
1900	823.96	0.265
1901	824.37	0.073
1902	825.08	0.086
1903	825.94	-0.016
1904	826.02	0.068
1905	827.61	0.069
1906	828.13	0.597
1907	828.78	0.273
1908	829.22	0.379
1909	829.28	0.095
1910	829.53	0.335
1911	830.05	0.235
1912	830.36	0.197
1913	831.25	0.069
1914	831.37	0.026
1915	831.53	0.056
1916	831.61	0.108
1917	831.89	0.115
1918	833.2	0.015
1919	833.26	0.033
1920	833.27	0.111
1921	833.55	0.222
1922	834.83	0.065
1923	835.24	0.629
1924	835.54	0.197
1925	836.29	0.026
1926	836.47	0.199
1927	836.55	0.562
1928	837.49	0.141
1929	838.07	0.156
1930	838.32	0.626
1931	838.67	0.098
1932	839.3	0.033
1933	839.37	0.073
1934	840.83	0.097
1935	841.64	0.147
1936	842.56	0.082
1937	843.32	0.181
1938	843.58	0.115
1939	844.5	0.035
1940	844.7	0.059
1941	845.14	0.043
1942	845.17	0.026
1943	847.13	0.05
1944	847.26	0.583
1945	847.89	0.181
1946	849.07	0.776
1947	849.26	0.485
1948	849.79	0.151
1949	850.03	0.125
1950	850.08	0.031
1951	850.43	0.052
1952	850.63	0.531
1953	850.66	0.502
1954	850.8	0.026
1955	850.94	1.258
1956	851.61	0.398
1957	851.81	0.131
1958	852.14	0.165
1959	852.18	0.119
1960	852.47	0.153
1961	852.68	0.03
1962	853	0.057
1963	853.04	0.059
1964	853.97	0.112
1965	854.08	0.38
1966	854.17	0.307
1967	854.85	0.228
1968	854.97	0.027
1969	855.23	0.036
1970	855.86	0.423
1971	856.02	0.043
1972	856.75	0.164
1973	857.19	0.685
1974	857.38	0.166
1975	857.4	0.166
1976	857.72	0.037
1977	859.39	0.05
1978	861.55	0.098
1979	861.58	0.098
1980	862.61	0.871
1981	863.75	0.762
1982	864	0.043
1983	864.6	0.046
1984	864.85	0.082
1985	864.98	0.056
1986	865.51	0.091
1987	865.54	0.068
1988	866.12	0.116
1989	866.28	0.059
1990	866.42	0.049
1991	866.86	0.211
1992	866.91	-0.013
1993	869.02	0.076
1994	869.31	0.638
1995	869.32	0.122
1996	869.65	0.081
1997	869.67	0.052
1998	869.69	0.076
1999	871.2	0.057
2000	872.68	0.277
2001	873.33	0.255
2002	873.55	0.829
2003	873.63	0.104
2004	875.06	0.057
2005	875.39	0.242
2006	875.63	0.185
2007	876.1	0.096
2008	876.41	0.056
2009	876.88	0.043
2010	876.89	0.166
2011	876.92	0.11
2012	878.82	0.146
2013	879.42	0.486
2014	879.65	0.084
2015	880.09	0.014
2016	880.27	0.586
2017	880.33	0.278
2018	880.56	0.269
2019	880.68	0.036
2020	880.88	0.033
2021	881.23	0.082
2022	881.28	0.132
2023	881.43	0.834
2024	881.63	0.225
2025	882.36	0.112
2026	882.62	0.131
2027	882.63	0.237
2028	883.36	0.357
2029	883.53	0.003
2030	883.59	0.036
2031	883.75	0.088
2032	884.08	0.341
2033	884.82	0.116
2034	885.14	0.075
2035	885.26	0.335
2036	886	0.19
2037	886.1	0.079
2038	886.63	0.025
2039	886.85	0.996
2040	886.99	0.005
2041	887.03	0.099
2042	887.62	0.014
2043	887.72	0.134
2044	889	0.039
2045	889.04	0.183
2046	890.35	0.404
2047	891.35	0.079
2048	891.39	0.026
2049	891.4	0.106
2050	891.66	0.504
2051	891.66	0.067
2052	891.89	0.002
2053	892.41	0.3
2054	892.42	0.128
2055	892.43	0.855
2056	892.94	0.258
2057	893.47	0.025
2058	893.98	0.234
2059	894.7	0.14
2060	897.03	0.079
2061	897.7	0.292
2062	898.2	0.038
2063	898.43	0.595
2064	898.66	0.11
2065	898.96	0.074
2066	899.23	0.031
2067	899.8	0.212
2068	900.14	0.454
2069	901.02	0.098
2070	901.43	0.011
2071	903.87	0.003
2072	904.37	0.251
2073	904.97	0.33
2074	905.4	0.052
2075	905.71	1.018
2076	905.72	0.034
2077	905.73	0.743
2078	906.37	0.049
2079	906.61	0.224
2080	906.78	0.138
2081	907.34	0.085
2082	907.51	0.076
2083	907.63	0.379
2084	908.04	0.044
2085	909.07	0.06
2086	909.12	0.01
2087	909.36	0.542
2088	909.53	0.364
2089	909.97	0.041
2090	911.2	0.053
2091	911.27	-0.004
2092	911.68	0.135
2093	912.13	0.002
2094	912.34	0.05
2095	912.56	0.07
2096	912.91	0.033
2097	912.94	0.259
2098	913.6	0.05
2099	913.93	0.319
2100	915.06	0.041
2101	917.32	0.147
2102	917.74	0.209
2103	919.27	0.229
2104	919.28	0.186
2105	919.3	1.209
2106	919.34	0.401
2107	919.84	0.251
2108	920.56	0.134
2109	922.41	0.123
2110	923.04	0.073
2111	923.36	0.033
2112	923.58	0.035
2113	923.59	0.231
2114	923.67	0.066
2115	925	0.049
2116	925.09	0.51
2117	925.85	0.128
2118	926.22	0.711
2119	926.39	0.383
2120	926.64	0.07
2121	926.68	0.159
2122	927.09	0.311
2123	927.32	0.037
2124	928.24	0.251
2125	928.38	0.111
2126	929.03	0.055
2127	930.06	0.512
2128	930.43	0.453
2129	930.54	0.603
2130	931.11	0.078
2131	931.66	0.057
2132	932.42	0.017
2133	932.63	0.019
2134	933.05	0.073
2135	935.15	0.226
2136	935.16	0.049
2137	935.17	0.119
2138	935.23	0.068
2139	935.24	1
2140	935.98	0.013
2141	936.35	0.066
2142	937.32	0.082
2143	937.69	0.018
2144	938.16	0.03
2145	938.22	1.267
2146	938.29	0.207
2147	938.31	0.054
2148	938.32	1.042
2149	938.46	0.093
2150	939.12	0.057
2151	940.37	0.071
2152	940.4	0.038
2153	942.48	0.074
2154	942.63	0.209
2155	943.2	0.048
2156	943.27	0.041
2157	943.61	0.057
2158	944.89	0.052
2159	944.98	0.039
2160	945	0.096
2161	945.82	0.138
2162	945.84	0.151
2163	946.03	0.363
2164	946.28	0.478
2165	946.61	0.075
2166	946.94	0.057
2167	947.71	0.506
2168	948.03	0.073
2169	948.59	0.72
2170	948.72	0.017
2171	949.51	0.259
2172	950.45	0.106
2173	953.1	0.125
2174	953.62	0.029
2175	953.64	0.286
2176	953.77	0.236
2177	953.82	0.106
2178	953.96	0.042
2179	954.74	0.331
2180	955.17	0.073
2181	955.41	0.164
2182	955.9	0.042
2183	956.44	0.19
2184	956.47	0.179
2185	956.84	0.003
2186	957.02	0.099
2187	957.07	0.162
2188	957.19	0.17
2189	957.72	0.143
2190	957.8	0.189
2191	957.99	0.309
2192	958.11	0.04
2193	958.22	0.38
2194	958.23	0.146
2195	958.39	0.092
2196	959.38	0.123
2197	959.94	0.188
2198	960.1	0.357
2199	961.59	0.003
2200	963.18	0.127
2201	964.56	0.188
2202	964.6	0.073
2203	965.25	0.042
2204	965.45	0.098
2205	966.09	0.275
2206	966.3	0.069
2207	966.38	0.253
2208	966.85	0.107
2209	967.3	1.204
2210	967.32	0.212
2211	967.46	0.139
2212	968.27	0.445
2213	969.91	0.093
2214	971.87	0.339
2215	972.1	0.088
2216	972.4	0.392
2217	973.14	0.025
2218	973.33	0.056
2219	974.1	0.273
2220	974.25	0.131
2221	974.84	0.228
2222	974.89	0.109
2223	975.02	0.216
2224	975.18	0.15
2225	975.78	0.066
2226	976.85	0.265
2227	976.9	0.172
2228	976.91	0.401
2229	977.12	0.279
2230	977.22	0.063
2231	978.3	0.229
2232	979.02	0.067
2233	979.49	0.448
2234	979.73	0.057
2235	979.79	0.139
2236	980.02	0.534
2237	980.45	-0.004
2238	980.52	0.251
2239	981.08	0.415
2240	981.18	0.035
2241	982.39	0.018
2242	982.56	0.025
2243	983.12	0.074
2244	983.19	0.039
2245	984.81	0.13
2246	984.97	0.084
2247	985.16	0.046
2248	985.32	0.06
2249	985.49	0.117
2250	986.03	0.33
2251	986.07	0.055
2252	986.16	0.155
2253	986.64	0.039
2254	986.76	0.233
2255	987	-0.003
2256	987.59	0.029
2257	987.77	0.043
2258	989.64	0.642
2259	990.15	0.017
2260	990.16	0.076
2261	990.2	0.125
2262	990.86	0.041
2263	990.87	0.367
2264	990.98	0.55
2265	991.02	0.098
2266	991.62	0.09
2267	992.62	0.131
2268	993.35	0.053
2269	994.14	0.018
2270	994.22	0.251
2271	994.62	0.902
2272	994.64	0.017
2273	994.96	0.216
2274	995.1	0.358
2275	995.22	0.097
2276	995.57	0.169
2277	995.94	0.157
2278	997.34	0.508
2279	998.49	0.144
2280	998.5	0.198
2281	998.81	0.21
2282	999.86	0.215
2283	999.93	0.043
2284	1000.08	0.027
2285	1000.36	0.131
2286	1000.55	0.274
2287	1001.08	0.412
2288	1001.51	0.065
2289	1001.59	0.01
2290	1001.89	0.011
2291	1001.94	0.194
2292	1002.65	0.089
2293	1002.89	0.037
2294	1002.95	0.138
2295	1003.32	0.211
2296	1003.44	0.578
2297	1003.8	0.098
2298	1005.96	0.056
2299	1007.06	0.358
2300	1007.3	0.408
2301	1008.61	0.083
2302	1009.33	0.653
2303	1010.04	0.054
2304	1010.37	0.554
2305	1010.55	0.544
2306	1010.61	0.045
2307	1010.67	0.155
2308	1010.83	0.056
2309	1011.48	0.017
2310	1011.94	0.106
2311	1012.07	0.354
2312	1012.26	0.272
2313	1012.77	0.09
2314	1013.29	0.068
2315	1013.38	0.13
2316	1013.68	0.066
2317	1013.86	0.204
2318	1013.88	0.108
2319	1014.01	0.051
2320	1014.07	0.027
2321	1014.65	0.635
2322	1014.99	0.531
2323	1016.82	0.002
2324	1016.83	0.199
2325	1017.38	1.143
2326	1017.62	0.058
2327	1018.01	0.25
2328	1019.28	0.123
2329	1019.84	0.07
2330	1020.49	0.187
2331	1020.63	0.016
2332	1021.18	0.022
2333	1021.57	0.033
2334	1023.66	0.147
2335	1023.98	1.014
2336	1024.07	0.063
2337	1024.76	0.041
2338	1025.7	0.03
2339	1025.74	0.18
2340	1025.79	0.098
2341	1025.99	0.106
2342	1026.52	0.027
2343	1027.91	0.074
2344	1028.35	0.34
2345	1029.29	0.109
2346	1029.3	0.142
2347	1031.48	0.132
2348	1031.61	0.027
2349	1031.62	0.439
2350	1031.68	0.168
2351	1032.06	0.035
2352	1032.46	0.065
2353	1032.55	0.123
2354	1032.84	0.223
2355	1033.31	0.109
2356	1033.4	0.403
2357	1033.52	0.036
2358	1033.72	0.073
2359	1035.03	0.016
2360	1035.34	0.03
2361	1035.52	0.108
2362	1035.63	0.357
2363	1035.64	0.349
2364	1035.92	0.297
2365	1036.08	0.032
2366	1036.66	0.346
2367	1036.98	0.514
2368	1037.5	0.115
2369	1038.49	0.29
2370	1038.6	0.057
2371	1039.3	0.161
2372	1040.02	0.344
2373	1040.17	0.122
2374	1040.36	0.549
2375	1040.37	0.018
2376	1041.91	0.372
2377	1042.82	0.009
2378	1043.51	0.022
2379	1043.58	0.076
2380	1045.75	0.077
2381	1045.78	0.182
2382	1045.88	0.071
2383	1046.12	0.615
2384	1047.38	0.057
2385	1047.69	0.217
2386	1048.14	0.397
2387	1048.58	0.197
2388	1049.29	0.128
2389	1049.52	0.219
2390	1049.73	0.41
2391	1050.7	0.03
2392	1052.14	0.349
2393	1052.38	0.168
2394	1052.49	0.037
2395	1052.51	0.09
2396	1053.41	0.035
2397	1053.77	0.095
2398	1054.34	0.009
2399	1055.15	0.009
2400	1055.24	0.05
2401	1055.94	0.037
2402	1056.22	0.048
2403	1057.46	0.173
2404	1057.77	0.506
2405	1058.71	0.025
2406	1059.51	0.094
2407	1059.6	0.037
2408	1059.69	-0.007
2409	1059.78	1.115
2410	1059.92	-0.006
2411	1060.97	0.018
2412	1061.18	0.05
2413	1061.6	0.136
2414	1062.06	0.098
2415	1062.24	0.677
2416	1062.48	0.045
2417	1062.77	0.113
2418	1062.9	0.174
2419	1063.1	0.178
2420	1063.28	0.319
2421	1063.96	0.068
2422	1064.37	0.069
2423	1064.83	0.063
2424	1065.22	0.002
2425	1066.77	0.115
2426	1066.81	0.12
2427	1066.83	0.203
2428	1067.07	0.149
2429	1067.1	0.041
2430	1067.11	0.38
2431	1067.12	0.034
2432	1067.54	0.039
2433	1067.55	0.295
2434	1067.77	0.192
2435	1067.88	0.108
2436	1068.84	0
2437	1069.13	0.047
2438	1069.21	0.312
2439	1070.43	0.074
2440	1070.75	0.105
2441	1071.48	0.203
2442	1071.52	0.255
2443	1072.41	0.459
2444	1073.23	0.11
2445	1073.65	0.036
2446	1073.92	0.083
2447	1074.08	0.026
2448	1074.15	0.109
2449	1075.31	0.297
2450	1075.76	-0.002
2451	1075.88	0.124
2452	1075.89	0.116
2453	1076.01	0.614
2454	1076.14	0.066
2455	1076.32	0.103
2456	1076.62	0.059
2457	1077.08	0.173
2458	1077.19	0.29
2459	1077.28	0.439
2460	1077.79	-0.012
2461	1077.98	0.093
2462	1077.99	0.082
2463	1078.56	0.02
2464	1079.05	0.914
2465	1079.1	0.115
2466	1079.1	0.131
2467	1079.12	0.034
2468	1079.69	0.309
2469	1079.9	0.089
2470	1080.1	0.05
2471	1080.35	0.075
2472	1082.68	0.057
2473	1083.26	0.022
2474	1083.39	0.036
2475	1083.52	0.066
2476	1083.88	0.093
2477	1083.96	0.056
2478	1084.02	1.318
2479	1084.76	0.133
2480	1086.13	0.01
2481	1086.71	0.138
2482	1087.38	0.179
2483	1087.62	0.335
2484	1087.84	0.635
2485	1087.87	1.056
2486	1088.7	0.018
2487	1089.34	0.583
2488	1089.52	0.122
2489	1090.36	0.013
2490	1090.44	0.266
2491	1090.9	0.128
2492	1091.35	0.206
2493	1091.53	0.057
2494	1091.58	0.045
2495	1091.64	0.11
2496	1091.72	0.116
2497	1092.19	0.044
2498	1092.36	0.027
2499	1093.02	0.223
2500	1094.08	0.085
2501	1095.08	0.028
2502	1095.13	0.006
2503	1095.55	0.174
2504	1095.57	0.139
2505	1095.61	0.241
2506	1095.73	0.258
2507	1096.22	0.075
2508	1096.58	0.144
2509	1096.66	0.05
2510	1096.81	0.283
2511	1096.95	0.058
2512	1097.05	0.161
2513	1097.15	0.094
2514	1098.15	0.163
2515	1098.38	0.025
2516	1099.21	0.881
2517	1099.27	0.202
2518	1099.8	0.254
2519	1100.22	0.202
2520	1100.27	0.13
2521	1101.71	0.188
2522	1101.98	0.359
2523	1102.88	0.067
2524	1103.21	0.109
2525	1103.33	0.235
2526	1103.8	0.026
2527	1104.79	0.014
2528	1104.81	0.016
2529	1104.99	0.085
2530	1105.16	0.099
2531	1105.31	0.004
2532	1105.6	0.01
2533	1105.87	0.171
2534	1106.02	0.152
2535	1106.03	0.022
2536	1106.35	0.021
2537	1106.56	0.089
2538	1106.98	0.11
2539	1107	0.067
2540	1107.48	0.056
2541	1107.98	0.125
2542	1108.11	0.501
2543	1108.36	0.049
2544	1108.38	0.071
2545	1108.45	0.147
2546	1108.52	0.589
2547	1109.46	0.103
2548	1109.65	0.388
2549	1110.54	0.476
2550	1110.73	0.016
2551	1111.11	0.091
2552	1111.32	0.026
2553	1111.58	0.014
2554	1111.65	0.223
2555	1111.81	0.045
2556	1112.2	0.454
2557	1112.24	0.033
2558	1112.84	0.051
2559	1113.81	0.029
2560	1113.9	0.178
2561	1114.5	0.226
2562	1114.63	0.63
2563	1114.74	0.41
2564	1114.98	0.042
2565	1115.33	0.106
2566	1116.33	0.016
2567	1116.51	0.057
2568	1116.82	0.039
2569	1116.85	0.057
2570	1117.74	0.021
2571	1117.82	0.065
2572	1117.91	0.067
2573	1117.92	0.213
2574	1118.19	0.132
2575	1118.88	0.036
2576	1118.96	0.203
2577	1119.33	0.663
2578	1121.17	0.537
2579	1121.42	0.187
2580	1123.8	0.011
2581	1125.77	1.308
2582	1125.84	0.055
2583	1125.98	0.058
2584	1126.85	0.41
2585	1127.26	0.073
2586	1127.46	0.037
2587	1127.86	0.11
2588	1127.98	0.614
2589	1128.02	0.637
2590	1128.74	0.329
2591	1128.75	0.105
2592	1128.76	-0.004
2593	1128.93	0.03
2594	1129.29	0.156
2595	1129.61	0.546
2596	1130.35	0.139
2597	1130.45	0.289
2598	1130.46	0.077
2599	1131.05	0.689
2600	1131.37	0.57
2601	1131.5	0.469
2602	1132.31	0.015
2603	1132.43	0.164
2604	1132.69	0.092
2605	1132.7	0.05
2606	1132.73	0.01
2607	1132.96	0.075
2608	1133.09	0.063
2609	1133.21	0.05
2610	1134.69	0.655
2611	1134.71	0.018
2612	1134.79	0.13
2613	1135.41	0.018
2614	1136.39	0.098
2615	1136.55	0.04
2616	1136.6	0.339
2617	1136.84	0.133
2618	1137.52	0.458
2619	1138.09	0.09
2620	1138.35	0.011
2621	1139.49	0.122
2622	1139.73	1.147
2623	1140.22	0.567
2624	1140.78	0.663
2625	1141.18	0.141
2626	1141.37	0.288
2627	1142.16	0.251
2628	1142.92	0.029
2629	1142.98	0.523
2630	1143.54	0.66
2631	1143.66	0.036
2632	1144.08	1.24
2633	1144.97	0.013
2634	1145.15	0.465
2635	1145.37	0.291
2636	1145.81	0.418
2637	1145.93	0.152
2638	1146.15	0.057
2639	1146.18	0.003
2640	1146.75	0.063
2641	1146.83	0.671
2642	1147.17	0.06
2643	1147.74	0.028
2644	1147.96	0.1
2645	1148.14	0.023
2646	1148.17	0.073
2647	1148.34	0.162
2648	1148.46	0.385
2649	1148.54	0.306
2650	1148.65	0.139
2651	1149.37	0.127
2652	1149.81	0.158
2653	1149.92	0.092
2654	1150.08	0
2655	1150.2	0.156
2656	1150.26	0.341
2657	1150.33	0.05
2658	1151.36	0.109
2659	1151.71	0.025
2660	1151.95	0.931
2661	1152	0.075
2662	1153.24	0.119
2663	1153.43	0.723
2664	1153.97	0.043
2665	1155.72	0.45
2666	1155.74	0.312
2667	1156.16	0.301
2668	1156.67	0.199
2669	1156.76	0.4
2670	1158.14	0.055
2671	1158.28	0.017
2672	1158.47	0.106
2673	1158.63	0.209
2674	1159.2	0.096
2675	1160.85	0.563
2676	1160.96	0.119
2677	1161.54	0.211
2678	1161.66	0.114
2679	1161.78	0.115
2680	1161.87	0.137
2681	1162.1	0.206
2682	1162.22	0.037
2683	1163.2	0.112
2684	1163.47	0.06
2685	1163.8	0.092
2686	1163.98	0.551
2687	1164.41	0.163
2688	1166	0.057
2689	1167.25	0.274
2690	1168.07	0.074
2691	1169.39	0.024
2692	1169.8	0.068
2693	1170.02	0.009
2694	1171.33	0.113
2695	1172.22	0.01
2696	1173.15	0.33
2697	1173.97	0.102
2698	1174.06	0.36
2699	1176.09	0.122
2700	1176.17	0.245
2701	1176.3	0.05
2702	1176.37	0.524
2703	1176.38	0.234
2704	1177.05	0.093
2705	1177.17	0.224
2706	1177.68	0.151
2707	1177.75	0.402
2708	1178.04	0.155
2709	1178.37	0.044
2710	1178.58	0.017
2711	1179.12	0.073
2712	1179.27	0.246
2713	1179.71	0.017
2714	1180.14	0.059
2715	1180.33	0.092
2716	1180.56	0.152
2717	1180.81	0.129
2718	1181.13	0.185
2719	1181.43	0.017
2720	1181.57	0.073
2721	1181.62	0.154
2722	1183.15	0.117
2723	1183.81	0.107
2724	1184.41	0.109
2725	1184.42	0.074
2726	1185.05	0.162
2727	1186.93	0.03
2728	1187.25	0.62
2729	1187.51	0.37
2730	1188.04	0.116
2731	1188.15	0.098
2732	1188.48	0.247
2733	1189.48	0.017
2734	1189.72	0.169
2735	1190.28	0.172
2736	1190.92	0.061
2737	1190.98	0.057
2738	1191.56	0.246
2739	1192.1	0.323
2740	1192.83	0.06
2741	1193.12	0.113
2742	1193.18	0.35
2743	1193.47	0
2744	1193.56	0.385
2745	1193.77	0.078
2746	1194.66	0.066
2747	1195.92	0.067
2748	1195.99	0.165
2749	1196.01	0.445
2750	1196.14	0.45
2751	1196.42	0.133
2752	1196.54	0.028
2753	1196.66	0.442
2754	1197.41	0.055
2755	1197.71	0.379
2756	1198.05	0.059
2757	1198.13	0.035
2758	1201.66	0.463
2759	1201.86	0.074
2760	1202.52	0.133
2761	1202.81	0.062
2762	1203.36	0.086
2763	1205.35	0.108
2764	1206.05	0.637
2765	1206.09	0.082
2766	1208.45	0.139
2767	1209.23	0.011
2768	1209.62	0.27
2769	1209.85	0.074
2770	1210.49	0.074
2771	1211.75	0.033
2772	1211.92	0.376
2773	1212.1	0.034
2774	1212.46	0.32
2775	1212.8	0.206
2776	1213.04	0.074
2777	1213.2	0.124
2778	1213.23	0.265
2779	1214.44	0.076
2780	1215.2	0.313
2781	1215.38	0.063
2782	1216.1	-0.002
2783	1216.87	0.163
2784	1216.94	0.035
2785	1218.03	0.038
2786	1218.62	0.747
2787	1219.45	0.122
2788	1220.24	0.082
2789	1220.69	0.072
2790	1221.84	0.549
2791	1222.3	0.701
2792	1222.49	0.086
2793	1223.58	0.079
2794	1223.95	0.074
2795	1224.04	0.071
2796	1224.65	0.048
2797	1224.67	0.406
2798	1224.71	0.014
2799	1224.87	0.59
2800	1224.93	0.306
2801	1225.87	0.079
2802	1225.93	0.851
2803	1226.55	0.133
2804	1229.84	0.027
2805	1229.92	0.058
2806	1230.32	0.116
2807	1231.7	0.101
2808	1232.03	0.315
2809	1232.51	0.25
2810	1233.43	0.05
2811	1233.78	0.229
2812	1234.08	0.166
2813	1235.26	0.278
2814	1235.52	0.074
2815	1235.94	0.074
2816	1236.62	0.125
2817	1237.99	0.111
2818	1238.23	0.097
2819	1239.18	0.44
2820	1239.93	0.046
2821	1239.97	0.412
2822	1240.13	0.739
2823	1240.43	0.017
2824	1240.67	0.065
2825	1242.36	0.09
2826	1242.46	0.03
2827	1243.03	0.292
2828	1243.07	0.26
2829	1244.01	0.059
2830	1244.16	0.052
2831	1244.72	0.163
2832	1244.91	-0.007
2833	1245.17	0.002
2834	1245.52	0.037
2835	1245.63	0.088
2836	1245.93	0.072
2837	1246.25	0.102
2838	1246.31	0.988
2839	1246.71	0.038
2840	1246.82	0.857
2841	1247.35	0.131
2842	1248.67	0.281
2843	1248.92	0.091
2844	1249	0.109
2845	1249.49	0.015
2846	1249.51	0.488
2847	1249.72	0.244
2848	1249.84	0.798
2849	1250.01	0.011
2850	1250.2	0.185
2851	1251.13	0.036
2852	1251.42	0.056
2853	1251.68	0.323
2854	1251.74	0.025
2855	1252.34	0.124
2856	1252.43	0.098
2857	1253.07	0.061
2858	1253.09	0.403
2859	1253.16	0.166
2860	1254.45	0.148
2861	1254.72	0.151
2862	1254.95	0.05
2863	1255.42	0.075
2864	1255.62	0.039
2865	1255.71	0.025
2866	1255.76	0.269
2867	1255.87	0.197
2868	1255.92	0.06
2869	1255.94	0.017
2870	1256.2	0.023
2871	1256.5	0.171
2872	1257.42	0.27
2873	1258.1	0.081
2874	1258.13	0.581
2875	1259.07	0.138
2876	1259.28	0.199
2877	1259.41	0.043
2878	1259.62	0.283
2879	1259.98	0.114
2880	1260.96	0.057
2881	1261.09	0.335
2882	1262.17	0.068
2883	1262.89	0.212
2884	1263.24	0.41
2885	1263.66	0.816
2886	1263.84	0.18
2887	1264.27	0.106
2888	1264.53	0.347
2889	1264.97	0.021
2890	1265.23	0.035
2891	1266.35	0.066