Run started at:  2/5/2009 5:28:28 PM
Event	Real Time (min)	Lifetime (microsec)
1	     0.17	 5.2900
2	     0.34	 0.1200
3	     1.35	 0.8830
4	     2.02	 1.0130
5	     2.11	 1.8200
6	     2.45	 6.6590
7	     2.78	 5.7090
8	     2.87	 0.8010
9	     3.21	 1.1810
10	     3.55	 0.2700
11	     4.22	 0.7900
12	     4.31	 0.1190
13	     4.74	 0.4460
14	     5.41	 7.0500
15	     5.58	 2.8500
16	     5.75	 0.1190
17	     6.01	 3.3500
18	     6.76	 0.1180
19	     7.02	 7.6600
20	     7.36	 0.1200
21	     7.53	 4.8300
22	     7.87	 0.1210
23	     8.04	 1.5690
24	     8.63	 7.6010
25	     8.72	 0.2500
26	     8.81	 1.7700
27	     9.40	 0.5800
28	     9.74	 0.5460
29	    11.24	 0.8650
30	    12.42	 4.4100
31	    12.76	 0.1700
32	    13.01	 0.1270
33	    13.94	 1.2110
34	    14.28	 2.0930
35	    14.78	 1.9000
36	    14.95	 0.1320
37	    16.46	 0.2550
38	    16.55	 0.1200
39	    16.89	 1.2350
40	    17.06	 4.5500
41	    17.15	12.8810
42	    17.74	 1.6920
43	    17.83	 0.6300
44	    18.25	 0.4200
45	    18.34	 6.6600
46	    18.51	 2.1810
47	    19.60	 2.0480
48	    19.77	 0.2300
49	    20.28	 1.2200
50	    20.37	 5.2300
51	    21.12	 0.1580
52	    21.21	 1.5580
53	    21.55	 0.1160
54	    21.97	 0.1190
55	    22.56	 4.0400
56	    22.82	 0.2510
57	    23.32	 0.1200
58	    24.50	 2.8150
59	    25.42	 0.2000
60	    25.51	 3.4590
61	    28.60	 2.2700
62	    28.86	 1.6510
63	    28.94	 1.4300
64	    29.12	 1.7000
65	    29.37	 1.6770
66	    29.54	 0.1190
67	    30.30	 0.2240
68	    30.47	 0.8940
69	    31.98	 0.3330
70	    32.82	 6.8610
71	    32.91	 4.3500
72	    33.16	 0.7080
73	    33.25	 0.1200
74	    34.34	 0.2780
75	    34.60	 0.4150
76	    35.19	 2.0000
77	    35.53	 4.0010
78	    35.61	 2.7790
79	    36.45	 1.0500
80	    37.04	 1.9500
81	    37.63	 0.2390
82	    37.97	 0.7280
83	    38.73	 1.7330
84	    38.82	 1.1320
85	    39.49	 0.1710
86	    40.08	 1.7020
87	    40.42	 0.1310
88	    40.67	 0.3200
89	    40.76	 0.3500
90	    41.18	 1.3040
91	    41.36	 6.9410
92	    42.28	 0.7200
93	    43.03	 1.8100
94	    43.71	 0.5000
95	    44.05	 0.1200
96	    44.39	 4.7020
97	    45.39	 0.5300
98	    45.56	 0.1200
99	    46.15	 0.8190
100	    46.91	 0.7010
101	    47.08	 6.1200
102	    48.59	 0.1470
103	    49.01	 0.7300
104	    49.27	 2.8560
105	    49.35	 0.4950
106	    49.61	 6.1210
107	    49.70	 2.4880
108	    50.04	 0.2800
109	    50.46	 0.1200
110	    50.88	 0.9790
111	    50.97	 7.3490
112	    51.31	 0.5200
113	    51.90	 3.1860
114	    52.07	 1.6510
115	    52.83	 0.9240
116	    53.17	 1.5300
117	    53.84	 1.9690
118	    54.26	 0.2500
119	    54.68	 0.8100
120	    55.11	 0.1200
121	    55.36	 2.0090
122	    55.70	 1.7900
123	    56.54	 0.7000
124	    56.96	 2.4210
125	    57.30	 1.7360
126	    58.14	 0.1180
127	    58.40	 2.9500
128	    58.57	 3.9280
129	    58.99	 3.0600
130	    59.08	 3.0460
131	    60.17	 1.1290
132	    60.26	16.7800
133	    61.02	 0.6330
134	    62.61	 2.5800
135	    64.53	 6.1950
136	    65.45	 1.6700
137	    65.79	 4.0450
138	    67.38	 0.4200
139	    67.47	 4.7050
140	    67.97	 0.1290
141	    69.23	 1.2700
142	    69.65	 1.0000
143	    69.83	 0.8310
144	    69.91	 0.1450
145	    70.50	 1.2200
146	    71.01	 0.9400
147	    71.35	 0.7090
148	    71.69	 1.1400
149	    72.11	 0.1600
150	    72.70	 0.8980
151	    73.12	 0.1740
152	    73.54	 0.2900
153	    74.47	 0.6300
154	    75.47	 0.9500
155	    75.65	 0.4110
156	    75.82	 0.2000
157	    76.07	 0.1190
158	    77.41	 0.3500
159	    78.09	 0.1210
160	    79.43	 0.4930
161	    80.02	 0.2380
162	    80.19	 1.5060
163	    80.36	 0.1370
164	    80.53	11.9790
165	    80.87	 0.4700
166	    81.46	 9.4310
167	    83.05	 0.1210
168	    83.14	 2.9200
169	    83.40	 2.3100
170	    83.90	 3.4490
171	    84.58	 1.4060
172	    85.16	 4.4610
173	    85.67	 5.1210
174	    86.18	 0.5820
175	    86.27	 5.0480
176	    86.44	 1.4200
177	    87.11	 1.3860
178	    87.70	 1.9720
179	    88.29	 4.4400
180	    88.88	 0.4600
181	    89.30	 1.1100
182	    89.64	 3.2500
183	    90.23	 1.5000
184	    90.40	 4.0400
185	    90.91	 3.3900
186	    91.25	 1.9010
187	    91.33	 1.7300
188	    91.76	 3.3000
189	    92.01	16.8600
190	    92.68	11.2690
191	    94.11	 0.2380
192	    94.20	 0.2590
193	    95.45	 7.6400
194	    95.96	 0.9250
195	    96.13	 3.5420
196	    96.30	 4.0510
197	    96.64	 0.7140
198	    97.31	12.6830
199	    98.57	 0.6300
200	    98.74	 0.4760
201	   100.17	 1.5510
202	   100.75	 0.1390
203	   101.09	 1.4140
204	   101.35	 0.1210
205	   101.77	 0.9780
206	   102.19	 2.1390
207	   102.45	 0.8680
208	   102.54	 0.3600
209	   102.63	 0.1200
210	   102.80	 6.1360
211	   103.31	 0.1200
212	   103.40	 2.3900
213	   103.48	 4.2990
214	   103.74	 0.4400
215	   103.91	 2.4920
216	   104.00	 0.1150
217	   104.17	 0.4680
218	   104.85	 0.8600
219	   105.02	 0.5540
220	   106.52	 1.1810
221	   107.70	 3.2320
222	   107.87	 0.1220
223	   107.96	 0.9410
224	   108.13	 0.1200
225	   108.39	 0.5900
226	   108.73	 1.9290
227	   109.31	 0.2000
228	   109.74	 2.4630
229	   110.08	 0.1200
230	   110.25	 0.4500
231	   111.76	 0.1200
232	   112.09	 0.1200
233	   112.18	 0.8710
234	   112.27	 0.2600
235	   113.20	 0.4210
236	   113.37	 7.0020
237	   114.21	 0.1130
238	   114.30	 3.0000
239	   114.97	 7.7500
240	   115.39	 8.1380
241	   115.56	 1.9900
242	   115.82	 1.2690
243	   115.91	 0.1250
244	   116.00	 4.2890
245	   116.17	 0.3910
246	   116.59	 0.1190
247	   117.93	 0.4110
248	   118.02	 0.1220
249	   118.36	 9.1740
250	   119.28	 1.8100
251	   119.45	 1.8570
252	   121.96	 3.4310
253	   122.05	 2.1610
254	   123.14	 0.1110
255	   123.23	 0.2910
256	   124.32	 1.7410
257	   124.66	 0.1200
258	   124.75	 0.6100
259	   126.09	 1.8730
260	   126.17	 0.5100
261	   126.35	 0.2820
262	   127.52	 3.1370
263	   127.78	 1.3500
264	   130.12	 1.8000
265	   130.45	 6.5520
266	   130.71	 3.6100
267	   130.80	 1.0780
268	   131.97	 0.1880
269	   132.06	 0.3700
270	   132.65	 0.2690
271	   132.91	 0.1200
272	   134.33	 0.4890
273	   134.58	 5.0240
274	   135.34	 4.2100
275	   136.01	 3.0390
276	   136.10	 1.0980
277	   136.36	 0.4000
278	   136.86	 0.3440
279	   137.20	 3.4900
280	   137.62	 1.2410
281	   138.05	 0.5700
282	   138.47	 0.1200
283	   138.81	 0.9310
284	   140.56	 0.1200
285	   140.65	 2.0510
286	   141.83	 1.5110
287	   142.25	 1.1700
288	   142.34	 5.1150
289	   142.76	 0.1200
290	   143.27	 0.2190
291	   143.86	10.6100
292	   143.94	 2.1300
293	   144.20	 2.2110
294	   144.37	 0.1190
295	   144.46	 8.7330
296	   145.38	 3.6230
297	   145.97	 0.1200
298	   146.40	 0.7910
299	   146.98	 3.0900
300	   147.16	 0.4000
301	   147.83	 0.1500
302	   148.92	 0.7900
303	   149.17	 1.2600
304	   149.26	 0.9990
305	   150.10	 1.0690
306	   150.78	 0.6990
307	   151.95	 0.6780
308	   153.37	 0.1220
309	   153.79	 0.2900
310	   154.72	 0.8580
311	   156.81	 0.2610
312	   158.23	 0.2510
313	   158.65	 1.3600
314	   159.32	 1.9870
315	   160.33	 0.7190
316	   160.67	 3.3570
317	   161.26	 1.2330
318	   161.60	 0.1190
319	   161.85	 1.5400
320	   162.28	 3.7800
321	   162.62	 1.3460
322	   163.12	 0.3300
323	   163.54	 0.1180
324	   163.88	 0.1900
325	   164.56	 5.0000
326	   164.64	 3.4000
327	   164.73	 0.8230
328	   165.16	 0.0100
329	   165.33	 7.2600
330	   166.75	 7.8950
331	   166.92	 2.4100
332	   167.01	 1.3240
333	   167.10	 0.9600
334	   167.94	 0.1400
335	   168.28	 0.5840
336	   168.70	 7.3300
337	   170.04	 2.7600
338	   170.30	 0.5900
339	   171.14	 5.1910
340	   171.73	 2.1720
341	   171.81	 0.1200
342	   172.49	 0.1200
343	   172.58	 1.9920
344	   172.83	 0.1200
345	   174.84	 0.6090
346	   175.01	 2.7340
347	   175.43	 0.1200
348	   176.44	 1.8200
349	   177.11	 2.5500
350	   177.37	 1.4990
351	   177.46	 0.2110
352	   177.88	 1.1020
353	   178.30	 0.4810
354	   178.56	 2.8890
355	   178.65	 2.0290
356	   178.73	 0.2700
357	   179.99	 1.1200
358	   180.75	 1.6700
359	   181.00	 0.3000
360	   181.26	 0.7700
361	   182.01	 1.5190
362	   182.52	 0.2840
363	   183.19	 0.6080
364	   183.70	 0.1190
365	   183.95	 4.8390
366	   184.38	 2.9800
367	   185.30	 0.1110
368	   185.89	 0.4830
369	   186.89	 6.2120
370	   187.57	 2.8700
371	   188.41	 4.3790
372	   188.49	 2.5700
373	   188.83	 0.1930
374	   189.26	 0.1190
375	   189.85	 0.6900
376	   190.02	 0.4000
377	   190.19	 0.2060
378	   191.03	 0.7090
379	   191.20	 0.1200
380	   191.29	 1.8500
381	   191.80	 3.3910
382	   192.39	 0.1200
383	   192.73	 0.1300
384	   193.56	 1.3020
385	   193.65	 1.1000
386	   194.33	 1.4350
387	   194.41	 0.2310
388	   194.59	 0.4510
389	   195.09	 0.1210
390	   195.52	 0.5300
391	   196.60	 0.5360
392	   197.28	 0.1800
393	   198.28	 0.1910
394	   198.62	 2.7100
395	   198.88	 2.1710
396	   199.05	 0.1200
397	   199.14	 0.9210
398	   199.73	 0.1970
399	   200.40	 0.2390
400	   200.49	 0.5700
401	   201.00	 0.1210
402	   201.25	 0.1220
403	   202.01	 0.1200
404	   202.18	 1.0500
405	   202.52	 0.4800
406	   202.86	 5.6580
407	   203.03	 0.6490
408	   203.37	 0.6000
409	   203.71	 3.6440
410	   205.13	 2.6190
411	   205.22	 0.1230
412	   205.48	 0.4720
413	   206.23	 0.1230
414	   207.91	 3.0200
415	   208.91	 1.3700
416	   209.42	 1.5290
417	   210.84	 1.5900
418	   211.68	 0.3720
419	   212.19	 0.7550
420	   212.77	 1.6870
421	   213.36	 1.1470
422	   213.54	 0.1870
423	   213.63	 1.8900
424	   215.30	17.4390
425	   215.89	 1.1600
426	   216.31	 7.0630
427	   216.57	 0.1200
428	   216.82	 0.3410
429	   218.41	 0.8090
430	   218.75	 0.1190
431	   219.01	 0.3700
432	   219.09	 0.1220
433	   219.60	 0.1200
434	   219.86	 0.2770
435	   220.70	 0.2020
436	   221.12	 0.2150
437	   221.37	 0.1290
438	   221.96	 7.6800
439	   222.05	 4.8320
440	   223.14	 0.3160
441	   223.65	 0.6040
442	   224.57	 0.1190
443	   224.66	 3.8630
444	   226.08	 1.3500
445	   227.09	 2.6940
446	   227.34	 2.4300
447	   228.35	 0.4200
448	   228.44	 0.4200
449	   228.69	 1.8200
450	   229.20	 3.9790
451	   229.62	 1.3600
452	   229.96	 3.1000
453	   230.55	 1.8780
454	   231.39	 0.1200
455	   232.23	 0.2740
456	   232.73	 0.2910
457	   233.07	 3.0820
458	   233.16	 0.5680
459	   233.92	 3.6510
460	   234.17	 0.1510
461	   234.35	 0.4000
462	   234.60	 0.1210
463	   235.19	 1.1210
464	   235.53	 0.9000
465	   235.95	 0.1200
466	   236.38	18.3550
467	   236.55	 1.8390
468	   236.97	 0.9310
469	   237.39	 0.2700
470	   238.40	 3.1950
471	   239.07	 7.1940
472	   240.41	 0.8810
473	   241.75	 0.1180
474	   241.92	 0.2800
475	   242.01	 9.2490
476	   242.10	 3.7650
477	   242.69	 0.6250
478	   243.36	 2.6820
479	   243.53	 0.5970
480	   244.21	 4.1400
481	   244.80	 0.2600
482	   244.88	 0.5700
483	   245.06	 2.9090
484	   245.15	 0.5400
485	   245.24	 0.5100
486	   245.41	 1.0910
487	   245.50	 2.4680
488	   245.75	 3.4330
489	   245.92	 4.6400
490	   246.68	 1.5100
491	   246.94	 5.7720
492	   247.02	 0.1200
493	   247.61	 2.0890
494	   248.20	 0.1200
495	   248.79	 5.7590
496	   249.21	 0.1200
497	   249.47	 0.7310
498	   251.39	 0.1240
499	   252.40	 3.9810
500	   252.91	 1.9220
501	   254.41	 0.9600
502	   254.58	 4.5500
503	   254.84	 0.8800
504	   255.18	 0.9790
505	   255.60	 0.2990
506	   256.61	 0.1200
507	   256.78	 1.0500
508	   256.87	 3.7890
509	   257.79	 0.4180
510	   259.80	 0.7310
511	   259.89	 0.1410
512	   259.98	 1.7430
513	   260.15	 4.8910
514	   260.24	 0.1200
515	   260.33	 1.8410
516	   260.41	 2.1900
517	   260.75	 1.0800
518	   261.09	 0.2600
519	   261.60	 0.1180
520	   263.11	 0.7450
521	   263.28	 0.1190
522	   264.45	 0.1710
523	   264.87	 0.2510
524	   265.30	 1.5890
525	   266.13	 0.1210
526	   267.47	 0.2410
527	   267.81	 1.2640
528	   268.07	 0.3600
529	   269.24	 0.7530
530	   270.91	 5.5970
531	   271.84	 0.1190
532	   272.26	 0.1210
533	   272.35	 0.3300
534	   272.77	 0.5200
535	   273.36	 0.5100
536	   274.37	 0.1160
537	   274.46	 0.3000
538	   275.13	 0.2710
539	   275.47	 0.9500
540	   276.14	 0.2110
541	   276.40	 0.1200
542	   276.90	 0.6500
543	   277.24	 0.5070
544	   277.33	 0.8750
545	   277.67	 0.5780
546	   277.76	 4.5900
547	   278.68	 0.5050
548	   279.10	 0.6170
549	   279.61	 6.1900
550	   280.20	 0.1410
551	   280.45	 0.1180
552	   281.71	 0.7090
553	   282.05	 1.8610
554	   282.31	 2.0130
555	   282.81	 6.5510
556	   283.07	 2.9200
557	   283.66	 6.3140
558	   283.83	 0.1110
559	   283.92	 2.6650
560	   284.01	 2.5570
561	   284.18	 0.2710
562	   285.10	 2.6590
563	   285.27	 0.3980
564	   285.70	 2.4600
565	   286.29	 0.3040
566	   286.62	 2.2910
567	   287.13	 6.0020
568	   287.64	 0.1900
569	   287.72	 0.5700
570	   288.15	 3.7610
571	   288.57	 3.5520
572	   289.49	 5.6930
573	   289.66	 1.9780
574	   289.84	 2.7710
575	   289.93	 2.1440
576	   290.77	 1.3000
577	   290.94	 1.1200
578	   291.03	 0.7260
579	   291.12	 1.7400
580	   292.45	 0.1600
581	   293.71	 1.9100
582	   293.97	 1.7890
583	   294.97	 1.5380
584	   295.40	 0.5990
585	   296.07	 0.1190
586	   296.66	 1.7590
587	   297.00	 0.2610
588	   297.75	 5.4030
589	   297.84	 4.0100
590	   298.10	 3.3400
591	   299.02	 0.3900
592	   300.11	 0.5800
593	   300.20	 2.0510
594	   300.87	 0.1530
595	   301.63	 1.3000
596	   302.13	 0.7890
597	   302.47	 0.1200
598	   302.73	 0.2610
599	   302.82	 4.8470
600	   303.49	 2.7000
601	   303.66	 2.1080
602	   304.42	 0.2160
603	   304.59	 0.1320
604	   305.18	 9.6600
605	   305.93	 0.6770
606	   307.61	 0.5890
607	   307.70	 2.0270
608	   308.29	 0.4600
609	   308.71	 0.1600
610	   309.55	 0.1650
611	   310.05	 0.1270
612	   310.39	 0.1200
613	   310.48	10.4310
614	   310.65	 0.1270
615	   311.08	 2.4570
616	   311.75	 1.8000
617	   312.51	 0.4530
618	   312.68	 1.0680
619	   313.10	 0.1190
620	   314.02	 3.4800
621	   314.45	 0.1190
622	   316.03	 3.1220
623	   316.12	 0.6600
624	   316.21	 1.0900
625	   317.22	 1.0910
626	   317.81	 0.1200
627	   317.98	 0.3680
628	   318.40	 0.7630
629	   318.83	 3.3460
630	   319.83	 4.3980
631	   320.42	 0.9190
632	   320.76	 0.9900
633	   322.52	 4.9310
634	   322.60	 0.1200
635	   323.03	 3.2400
636	   323.28	 0.1200
637	   323.37	 0.1200
638	   324.71	 2.9800
639	   324.97	 0.4790
640	   325.31	 8.5580
641	   325.48	 0.4000
642	   325.57	 0.1200
643	   326.16	 1.7690
644	   326.58	 0.3010
645	   326.75	 1.8370
646	   328.26	 0.6690
647	   328.76	 1.6660
648	   329.10	 0.5990
649	   329.69	 0.9020
650	   329.86	 5.6900
651	   329.95	 0.2600
652	   330.13	 3.6480
653	   331.05	 0.1200
654	   332.05	 4.2890
655	   332.31	 0.7760
656	   332.98	 1.2990
657	   333.15	 0.6490
658	   333.58	 2.2200
659	   335.25	 2.7370
660	   335.51	 1.9520
661	   335.60	 2.4020
662	   335.85	 3.5290
663	   336.69	 6.1300
664	   337.20	 2.1810
665	   337.37	 4.3440
666	   337.46	 0.6600
667	   337.88	 1.3090
668	   338.55	 0.8200
669	   338.73	17.3100
670	   339.40	 6.6110
671	   339.65	 0.1200
672	   340.58	 6.4710
673	   340.75	 3.2090
674	   340.92	 1.9820
675	   341.76	 7.9390
676	   342.77	 0.7590
677	   343.27	 0.5300
678	   344.86	 4.0990
679	   345.20	 4.6400
680	   346.79	 1.2140
681	   347.21	 0.4300
682	   347.38	 5.5490
683	   347.97	 2.6400
684	   348.56	 0.1700
685	   349.07	 0.1210
686	   349.32	 2.3980
687	   349.83	 0.4880
688	   350.34	 0.1200
689	   351.09	 0.1400
690	   351.43	 4.3400
691	   351.60	 2.8700
692	   351.86	 1.0460
693	   352.11	 0.1190
694	   352.20	 2.7300
695	   352.46	 0.1200
696	   352.55	 0.3350
697	   352.89	 0.6820
698	   352.98	 0.1210
699	   353.23	 0.7200
700	   353.49	 4.9700
701	   353.83	 0.6200
702	   354.58	 7.5400
703	   355.01	 0.6250
704	   355.43	 6.8360
705	   355.52	 3.0910
706	   355.86	 2.4690
707	   356.36	 0.1200
708	   357.12	 0.1200
709	   357.29	 0.8180
710	   357.55	 3.4100
711	   358.22	 0.1200
712	   358.39	 0.1110
713	   358.56	 0.7110
714	   358.82	 2.7790
715	   358.99	 0.3780
716	   359.08	 0.4820
717	   360.25	 2.6300
718	   360.51	 0.9000
719	   361.93	 1.2400
720	   362.27	 1.5090
721	   362.53	13.2310
722	   363.78	 1.5200
723	   363.87	 1.0400
724	   364.71	 0.1420
725	   364.88	 1.1900
726	   365.05	 0.8750
727	   365.14	 0.3900
728	   365.73	 0.1900
729	   366.41	 0.1120
730	   366.49	15.7200
731	   367.75	 1.3400
732	   368.51	 5.3800
733	   368.76	 1.2170
734	   369.18	 1.1300
735	   370.27	 0.1120
736	   370.36	 1.3980
737	   371.20	 2.6000
738	   372.38	 1.4000
739	   374.13	 1.9100
740	   376.05	 0.5310
741	   376.31	 0.3200
742	   376.98	 1.0580
743	   377.24	 0.3660
744	   377.91	 1.6250
745	   378.00	 7.3800
746	   378.17	 1.4710
747	   378.26	 0.1190
748	   378.35	 0.1200
749	   379.02	 1.4700
750	   379.36	 1.1090
751	   380.28	 0.7000
752	   380.54	 2.4510
753	   380.63	11.1790
754	   380.97	 2.3070
755	   381.47	 1.0800
756	   381.98	 2.5180
757	   382.15	 1.5400
758	   382.41	 0.7100
759	   382.50	 0.1140
760	   383.17	 0.9400
761	   383.26	 1.3260
762	   383.43	 0.3500
763	   384.02	 1.3660
764	   384.11	 1.0860
765	   385.03	 0.1190
766	   385.29	 3.1970
767	   385.38	 0.1200
768	   385.47	 0.8320
769	   385.55	 0.1120
770	   386.14	 1.0970
771	   386.48	 3.3380
772	   386.91	 0.3620
773	   387.41	 1.9910
774	   388.00	13.1500
775	   388.51	 2.5370
776	   388.59	 1.9880
777	   388.93	 0.7400
778	   389.02	 0.6630
779	   389.61	 2.5300
780	   389.87	 4.7510
781	   390.79	 3.3900
782	   390.88	 0.2070
783	   390.97	 2.6400
784	   391.14	 0.1220
785	   391.23	 4.6500
786	   391.65	 0.6660
787	   392.74	 3.0400
788	   393.08	 0.4800
789	   393.34	 0.2410
790	   393.92	 4.8300
791	   394.10	 1.0700
792	   394.52	 2.6950
793	   394.61	 1.5690
794	   395.78	 8.1700
795	   395.87	 0.2400
796	   395.96	 3.1890
797	   396.30	 0.5800
798	   396.55	 1.0320
799	   397.73	 0.3000
800	   397.98	 0.3630
801	   398.40	 0.2670
802	   398.49	 0.7910
803	   398.83	 1.1600
804	   399.51	 0.1200
805	   399.76	 2.9090
806	   399.94	 0.5490
807	   400.11	 4.9800
808	   401.03	 0.7630
809	   401.37	 1.0880
810	   401.63	 2.1810
811	   402.63	 0.3700
812	   403.31	 1.8550
813	   403.39	 9.9800
814	   403.82	 3.0100
815	   404.07	 1.1700
816	   404.25	 3.3300
817	   404.58	 0.8190
818	   404.67	 0.2500
819	   404.93	 2.6410
820	   405.43	 0.3510
821	   406.52	 1.1680
822	   406.70	 8.5000
823	   406.79	 1.2660
824	   407.79	 6.7580
825	   408.05	 0.3600
826	   408.80	 0.9540
827	   409.23	 1.2290
828	   410.15	 3.4690
829	   410.57	 0.7700
830	   410.83	 0.1200
831	   411.42	 1.9380
832	   413.26	 4.3330
833	   413.93	 1.1200
834	   414.18	 2.1200
835	   414.86	 2.6090
836	   415.03	 0.4290
837	   415.45	 7.8480
838	   415.79	 1.8490
839	   415.96	 3.4550
840	   416.38	 2.2330
841	   416.72	 1.2900
842	   416.81	 1.0930
843	   416.98	 0.4300
844	   417.07	 2.1400
845	   417.33	 1.4790
846	   417.75	 9.2520
847	   419.09	 1.0200
848	   419.18	 0.2850
849	   419.35	 0.3880
850	   419.94	 0.2500
851	   420.70	 4.5510
852	   421.12	 0.8980
853	   421.38	 0.9320
854	   422.22	 0.6400
855	   422.55	 4.0000
856	   422.81	 3.2590
857	   423.90	 3.9160
858	   424.24	 0.6820
859	   424.66	 2.4060
860	   425.50	 0.5690
861	   425.76	 0.5690
862	   426.26	 2.9990
863	   427.02	 0.3830
864	   427.11	 0.4900
865	   427.78	 2.2540
866	   429.54	 2.2410
867	   430.37	 3.3790
868	   430.46	 5.1300
869	   430.55	 0.3700
870	   430.81	 2.5400
871	   431.06	 0.1240
872	   431.65	 0.4870
873	   431.99	 0.6630
874	   432.08	 0.3100
875	   432.34	 1.8400
876	   432.43	 0.3200
877	   432.60	 3.2890
878	   433.94	 1.3890
879	   435.44	 2.1700
880	   436.28	 0.1260
881	   436.46	 9.7340
882	   437.21	 0.2130
883	   437.30	 0.2020
884	   437.64	 4.2870
885	   437.81	 3.5660
886	   438.07	 0.1200
887	   438.91	 1.1600
888	   439.91	 0.4910
889	   440.00	 7.5100
890	   441.84	 0.9550
891	   441.93	 1.2930
892	   442.69	 2.0930
893	   442.78	 3.1880
894	   443.11	 0.7430
895	   444.62	 2.3500
896	   444.71	 1.7560
897	   445.13	 2.4500
898	   445.64	 1.9340
899	   446.06	 2.7900
900	   446.15	 1.7800
901	   446.32	 0.1200
902	   446.41	 5.1330
903	   447.00	 0.6720
904	   447.59	 1.0310
905	   448.51	 0.6180
906	   449.52	 1.5500
907	   449.61	 1.8700
908	   449.78	 0.2600
909	   450.12	 1.7390
910	   450.55	 1.7700
911	   450.72	 3.1930
912	   451.72	 4.8500
913	   453.06	 4.9860
914	   453.82	 0.1890
915	   454.33	 0.1200
916	   455.92	 0.5100
917	   456.59	 1.9240
918	   456.68	 1.5680
919	   456.77	 9.7610
920	   456.94	 1.5170
921	   457.36	 5.6080
922	   457.87	 0.2700
923	   457.96	 0.6920
924	   458.21	 1.2980
925	   459.05	 0.2680
926	   459.64	 0.1200
927	   459.81	 3.0130
928	   459.99	 0.1200
929	   460.91	 0.9900
930	   461.16	 0.9810
931	   461.84	 2.2900
932	   462.43	 0.5890
933	   463.18	 0.8700
934	   463.44	 1.1490
935	   464.19	 0.1380
936	   464.45	 0.3450
937	   464.70	 1.0170
938	   464.79	 1.0960
939	   464.88	 0.1200
940	   465.14	 0.1200
941	   465.23	 4.4580
942	   465.98	 0.1220
943	   466.49	 0.1260
944	   466.91	 2.2830
945	   467.00	 0.8400
946	   467.17	 0.7100
947	   467.51	 0.9700
948	   467.60	 3.0840
949	   467.77	 2.5320
950	   467.86	 0.1280
951	   468.37	 0.5710
952	   468.54	 1.7120
953	   468.96	 5.0200
954	   470.14	 0.1260
955	   472.31	 2.2880
956	   472.40	 0.5950
957	   472.57	 0.1230
958	   472.83	 0.1190
959	   473.08	 0.2430
960	   473.50	 0.1430
961	   473.76	 0.1180
962	   474.85	 0.1200
963	   475.10	 1.2600
964	   475.61	 7.2120
965	   475.78	 0.2620
966	   475.95	 7.2900
967	   476.79	 0.1200
968	   477.05	 1.3410
969	   477.56	 0.1170
970	   478.06	 1.3320
971	   478.49	 0.1220
972	   478.91	 0.9390
973	   479.33	 0.3710
974	   479.50	 0.6280
975	   479.59	 2.1600
976	   479.76	 4.6910
977	   480.52	 0.1150
978	   480.61	 1.7270
979	   480.86	 0.6620
980	   481.95	 2.1990
981	   482.13	 8.7510
982	   482.21	 0.3890
983	   482.30	 0.1130
984	   482.64	 3.4800
985	   482.82	 1.0220
986	   483.15	 0.1200
987	   483.41	 0.9610
988	   483.58	 8.2690
989	   484.67	 1.7300
990	   485.76	 0.6200
991	   486.18	 0.2700
992	   486.27	 1.4940
993	   487.11	 0.5310
994	   487.37	 0.1300
995	   487.96	 1.4890
996	   488.96	 1.1390
997	   489.14	 0.4490
998	   489.89	 1.1220
999	   489.98	 1.7400
1000	   490.07	 2.5110
1001	   490.49	 0.3720
1002	   490.75	 1.9690
1003	   490.84	 0.5190
1004	   491.43	 0.4520
1005	   492.18	 0.1290
1006	   492.27	 0.5790
1007	   493.28	 0.1200
1008	   495.70	 0.1520
1009	   496.37	 0.1200
1010	   496.88	 3.5840
1011	   496.97	 2.7880
1012	   497.22	 3.2600
1013	   497.73	 2.4180
1014	   497.90	 0.1190
1015	   498.33	 0.1200
1016	   498.50	 0.2740
1017	   499.17	 2.7960
1018	   499.34	 0.9780
1019	   499.51	 0.1200
1020	   499.77	 0.1780
1021	   500.44	11.0800
1022	   501.28	 2.1190
1023	   502.04	 1.6600
1024	   502.38	 1.3700
1025	   502.80	 1.6230
1026	   502.89	 0.9410
1027	   502.98	 0.7000
1028	   503.48	 0.5490
1029	   503.57	 4.4200
1030	   503.66	 0.3600
1031	   503.83	 2.1400
1032	   504.09	 0.2190
1033	   504.26	 0.1490
1034	   504.60	 2.3810
1035	   505.02	 0.1610
1036	   505.78	 0.2700
1037	   506.54	 0.1200
1038	   506.71	 2.3730
1039	   507.21	 1.2700
1040	   507.47	 0.9710
1041	   507.64	 2.2600
1042	   507.73	 2.2820
1043	   508.65	 0.1200
1044	   509.74	 2.8800
1045	   509.83	 0.7850
1046	   510.00	 0.1200
1047	   510.68	 3.2360
1048	   510.93	 2.2690
1049	   511.36	 0.7500
1050	   511.86	 0.1910
1051	   512.79	 1.2460
1052	   513.29	 0.8420
1053	   513.38	 1.3300
1054	   513.47	 3.7900
1055	   515.14	 1.8800
1056	   516.31	 1.1390
1057	   516.65	 5.0730
1058	   517.08	 0.3100
1059	   517.50	 2.5750
1060	   517.75	 2.4210
1061	   517.93	 0.7250
1062	   518.27	 0.1200
1063	   519.02	 4.5800
1064	   519.69	 1.0700
1065	   520.12	 0.2600
1066	   520.37	 0.1130
1067	   520.96	 0.9580
1068	   521.55	 1.0400
1069	   522.56	 0.3600
1070	   522.90	 0.1200
1071	   523.24	 7.6600
1072	   523.82	 0.1990
1073	   524.00	 0.1880
1074	   524.17	 4.5730
1075	   525.01	 0.1180
1076	   525.18	 0.9400
1077	   525.44	 3.7200
1078	   525.94	 0.5500
1079	   526.20	 0.3420
1080	   526.96	10.5100
1081	   527.46	 0.1200
1082	   527.72	 2.1900
1083	   528.47	 0.1190
1084	   528.81	 1.2510
1085	   528.90	 1.4330
1086	   529.16	 0.8600
1087	   529.66	 2.6360
1088	   529.92	 0.4310
1089	   530.67	 0.5800
1090	   530.85	 0.9890
1091	   531.60	 2.0800
1092	   531.77	 7.5620
1093	   532.11	 1.0250
1094	   532.20	 1.2800
1095	   532.54	 0.9200
1096	   532.63	 4.7000
1097	   532.97	 0.1700
1098	   533.31	 8.4580
1099	   534.40	 1.4800
1100	   534.49	 5.8410
1101	   534.99	 0.4190
1102	   536.25	 0.4320
1103	   537.00	 2.4620
1104	   537.26	 1.9600
1105	   538.10	 0.6100
1106	   538.44	 0.1180
1107	   538.86	 1.1240
1108	   539.03	 0.9420
1109	   539.46	 4.1230
1110	   539.79	 0.1610
1111	   539.97	 0.4250
1112	   540.56	 1.3130
1113	   541.15	 0.4700
1114	   541.73	 0.1200
1115	   542.32	 1.2900
1116	   542.91	 7.3540
1117	   543.00	 0.4040
1118	   543.26	 2.7660
1119	   543.85	 0.2300
1120	   544.35	 0.1270
1121	   544.53	 0.2900
1122	   544.86	 0.5690
1123	   545.12	 1.3020
1124	   545.46	 1.4020
1125	   545.96	 0.4310
1126	   546.22	 1.2190
1127	   546.39	 0.1190
1128	   547.07	 3.3900
1129	   547.32	 4.4400
1130	   548.08	 2.1890
1131	   548.25	 2.9890
1132	   548.50	 2.4510
1133	   548.93	 0.1200
1134	   549.10	 2.4820
1135	   551.02	 2.5640
1136	   551.11	 4.4200
1137	   552.03	 0.8410
1138	   552.46	 0.1200
1139	   552.80	 4.0890
1140	   553.64	 0.4330
1141	   553.72	 1.6960
1142	   553.81	 0.1120
1143	   554.24	 0.9910
1144	   554.74	 1.3260
1145	   554.91	 0.1410
1146	   556.00	 2.9340
1147	   556.76	 0.1200
1148	   557.35	 2.3300
1149	   557.69	 0.4110
1150	   558.19	 6.8400
1151	   558.45	 0.6730
1152	   558.54	 0.1200
1153	   558.63	 0.2900
1154	   558.72	 0.6110
1155	   559.22	 2.1920
1156	   559.64	 0.6600
1157	   560.32	 0.9050
1158	   560.41	 0.1190
1159	   560.74	 5.4300
1160	   561.08	 0.3340
1161	   561.17	 1.0460
1162	   561.76	 3.3520
1163	   562.18	 0.1190
1164	   562.44	 1.8080
1165	   563.61	 0.7070
1166	   563.70	 0.2700
1167	   565.29	 7.6000
1168	   566.38	 0.5700
1169	   566.64	 3.7200
1170	   567.14	 4.9600
1171	   567.56	 1.3420
1172	   567.99	 0.4200
1173	   568.16	 1.9090
1174	   568.25	 3.5400
1175	   568.42	 1.1010
1176	   568.59	 3.0900
1177	   568.68	 1.0680
1178	   569.69	 1.3270
1179	   571.28	 0.1610
1180	   572.70	 3.7800
1181	   572.87	 0.6520
1182	   573.05	 0.4830
1183	   574.30	 0.8450
1184	   574.64	 0.2780
1185	   574.73	 2.8100
1186	   574.98	11.9710
1187	   575.07	 0.3100
1188	   575.25	 0.6990
1189	   575.50	 0.1900
1190	   576.42	 2.4000
1191	   576.85	 0.2930
1192	   577.60	 1.6420
1193	   577.69	 0.2100
1194	   577.78	 0.9560
1195	   578.45	 1.2600
1196	   578.54	 0.4630
1197	   579.21	 0.7720
1198	   579.80	 0.1480
1199	   580.73	 1.9710
1200	   581.07	 1.4610
1201	   582.16	 0.1140
1202	   583.08	 0.3590
1203	   583.17	 0.4410
1204	   584.34	 0.6300
1205	   584.43	 1.6010
1206	   585.18	 0.5530
1207	   585.36	 7.2900
1208	   585.45	 0.1800
1209	   585.53	 0.1200
1210	   585.79	 1.7030
1211	   586.13	 1.9130
1212	   587.30	 1.4060
1213	   587.39	 0.1390
1214	   587.48	 6.1720
1215	   587.57	 0.2400
1216	   588.99	 0.9480
1217	   590.25	 0.6500
1218	   590.42	 0.6800
1219	   591.01	 0.1700
1220	   591.18	 2.9500
1221	   591.52	 1.7230
1222	   592.36	 0.1160
1223	   593.20	 0.1210
1224	   593.71	 0.7500
1225	   593.96	 0.5990
1226	   594.05	 0.3690
1227	   594.31	 1.4500
1228	   594.39	 2.9300
1229	   594.57	 0.4590
1230	   594.66	 0.1200
1231	   595.08	 1.5900
1232	   595.33	 3.2400
1233	   595.67	 1.9220
1234	   595.85	 0.1400
1235	   596.10	 0.1200
1236	   596.44	 0.1190
1237	   596.53	 1.5380
1238	   596.70	 0.1300
1239	   597.04	 1.2690
1240	   597.30	 1.3590
1241	   598.47	 0.3820
1242	   600.81	 1.5800
1243	   600.98	 2.1300
1244	   601.32	 0.4390
1245	   602.74	 0.6300
1246	   602.83	 3.0810
1247	   603.92	 1.4830
1248	   604.09	 3.9800
1249	   604.35	 1.6160
1250	   604.44	 2.3390
1251	   605.36	 0.5200
1252	   605.87	 1.3100
1253	   605.96	 1.8200
1254	   606.46	 7.4580
1255	   607.72	 1.6600
1256	   607.81	 1.1290
1257	   608.56	 4.5300
1258	   610.15	 0.1200
1259	   610.58	 0.5630
1260	   611.50	 0.1630
1261	   611.59	 0.5500
1262	   611.84	 1.3670
1263	   611.93	 2.5690
1264	   612.35	 1.6480
1265	   612.44	 1.9920
1266	   612.53	 1.3070
1267	   613.45	 1.3000
1268	   613.79	16.7810
1269	   614.38	 1.5540
1270	   614.47	 0.1200
1271	   615.23	 0.3790
1272	   618.74	 3.1000
1273	   618.99	 0.1200
1274	   619.33	 1.3690
1275	   620.00	 0.1190
1276	   620.93	 2.1500
1277	   621.51	 0.1450
1278	   621.60	 8.7210
1279	   623.61	 2.0600
1280	   623.70	 5.2450
1281	   623.87	 1.2000
1282	   624.04	 3.3100
1283	   624.80	 0.4480
1284	   625.64	 0.1700
1285	   625.73	 0.1200
1286	   626.57	 0.1400
1287	   627.32	 2.1100
1288	   627.58	 1.3560
1289	   627.67	 0.6490
1290	   627.92	 6.1980
1291	   628.93	 0.9500
1292	   629.10	 0.8500
1293	   629.86	 1.3200
1294	   630.86	 3.0210
1295	   632.04	 0.1230
1296	   632.29	 0.4490
1297	   633.13	 5.1400
1298	   634.47	 4.3400
1299	   635.23	 0.8190
1300	   636.73	 6.1230
1301	   637.24	 2.2390
1302	   637.33	 1.4150
1303	   638.08	 0.3890
1304	   639.09	 0.5370
1305	   639.18	 0.1190
1306	   639.35	 1.7400
1307	   639.69	 1.0300
1308	   641.28	 1.5390
1309	   641.54	 0.1160
1310	   642.12	 0.1210
1311	   642.21	 0.1200
1312	   642.72	 1.5200
1313	   642.81	 2.0200
1314	   642.98	 0.2200
1315	   643.40	 5.2500
1316	   644.16	 1.2820
1317	   644.33	 6.4700
1318	   644.67	 0.1200
1319	   644.84	 0.8060
1320	   645.10	 1.0500
1321	   645.27	 2.3590
1322	   645.86	 0.8220
1323	   646.20	 1.0390
1324	   647.21	 4.1100
1325	   647.63	 2.5370
1326	   648.55	 0.3700
1327	   649.47	 0.7490
1328	   649.90	 0.1200
1329	   650.07	 4.4490
1330	   650.24	 0.5500
1331	   650.41	 0.1220
1332	   650.50	 0.2840
1333	   650.84	 3.2010
1334	   650.93	 0.3510
1335	   651.44	 0.7200
1336	   651.69	 1.4790
1337	   652.53	 4.7000
1338	   652.95	 1.3300
1339	   653.29	 0.1200
1340	   653.47	 0.1200
1341	   654.31	 0.1230
1342	   655.06	 1.0190
1343	   655.32	 4.8030
1344	   655.41	 2.2170
1345	   656.08	 0.1400
1346	   656.33	 0.4910
1347	   657.84	 9.2300
1348	   658.18	 0.6880
1349	   658.35	 2.9530
1350	   658.61	 9.6400
1351	   658.70	 1.1150
1352	   658.79	 1.4700
1353	   659.37	 0.2400
1354	   660.30	 2.6890
1355	   660.64	 0.1200
1356	   661.48	 0.1800
1357	   662.15	 2.7860
1358	   662.24	 1.3510
1359	   662.41	 3.2800
1360	   662.67	 0.1240
1361	   663.59	 1.6300
1362	   664.01	 2.4700
1363	   665.27	 0.3300
1364	   666.44	 1.9310
1365	   666.70	 0.1210
1366	   666.79	 1.0200
1367	   668.46	 0.8560
1368	   668.88	 1.5460
1369	   669.05	 0.8100
1370	   669.81	 0.2200
1371	   670.06	 0.3860
1372	   670.24	 0.1760
1373	   670.41	 1.1800
1374	   670.58	 0.1200
1375	   671.25	 0.1210
1376	   671.34	 2.3710
1377	   672.27	 0.1210
1378	   672.69	 0.4720
1379	   672.94	 0.2090
1380	   673.78	 1.6520
1381	   674.37	 0.5550
1382	   674.96	 0.6600
1383	   675.55	 1.5300
1384	   675.64	 0.2160
1385	   675.90	 0.1200
1386	   675.98	 0.7800
1387	   676.16	 0.6400
1388	   676.25	 0.3600
1389	   676.75	 2.0590
1390	   676.84	 1.5660
1391	   677.68	 0.4070
1392	   677.94	 0.1200
1393	   679.36	 0.1450
1394	   679.61	 2.2400
1395	   679.79	 1.3410
1396	   680.04	 0.1200
1397	   680.46	 1.1260
1398	   682.47	 2.2110
1399	   682.81	 0.3190
1400	   683.15	 0.8940
1401	   684.41	 2.1600
1402	   684.74	 0.7050
1403	   685.50	 7.7150
1404	   685.59	 0.7400
1405	   686.01	 1.7550
1406	   686.35	 0.2260
1407	   686.52	 2.9400
1408	   687.20	 0.3460
1409	   687.37	 2.0200
1410	   687.79	 6.5380
1411	   688.21	 1.2400
1412	   688.64	 0.8010
1413	   689.47	 0.6890
1414	   689.56	 1.1010
1415	   689.74	 2.3190
1416	   691.16	 1.1510
1417	   691.58	 0.2090
1418	   691.75	 0.1200
1419	   692.01	 1.1110
1420	   692.68	 0.3590
1421	   692.94	 0.1280
1422	   693.11	 0.6300
1423	   693.53	 0.8690
1424	   694.79	 0.2620
1425	   695.46	 1.3120
1426	   695.72	 2.0380
1427	   695.97	 0.4790
1428	   696.56	 0.3800
1429	   698.32	 2.2870
1430	   698.58	 0.1140
1431	   699.42	 0.1210
1432	   699.59	 1.1950
1433	   699.68	 3.4700
1434	   700.02	 0.1110
1435	   700.77	 0.2900
1436	   701.28	 0.1200
1437	   701.95	 4.0650
1438	   702.04	 5.6220
1439	   702.21	 3.8390
1440	   702.38	 0.7660
1441	   702.64	 0.2300
1442	   702.90	 0.1200
1443	   703.07	 5.3600
1444	   703.32	 0.1130
1445	   704.16	 3.0880
1446	   704.25	 0.6430
1447	   704.67	 1.8800
1448	   704.85	 1.4910
1449	   705.02	 0.2120
1450	   705.11	 0.7010
1451	   707.53	 0.4080
1452	   707.79	 2.0020
1453	   708.29	 3.9090
1454	   709.13	 0.4950
1455	   709.39	 0.5750
1456	   709.64	 1.1260
1457	   709.90	 1.6710
1458	   710.24	 1.9000
1459	   710.49	 0.5200
1460	   711.25	 0.1210
1461	   711.51	 1.8220
1462	   712.68	 0.7600
1463	   713.35	 0.1190
1464	   713.69	 0.2420
1465	   715.45	 0.2200
1466	   715.70	 4.0600
1467	   715.87	 0.2400
1468	   716.30	 1.7410
1469	   717.05	 3.4400
1470	   717.14	 1.0650
1471	   718.40	 2.5940
1472	   718.82	 5.5510
1473	   718.91	 0.4050
1474	   719.66	 3.1600
1475	   720.00	 2.9680
1476	   720.26	 0.1200
1477	   720.35	 0.1270
1478	   721.11	 0.6110
1479	   721.19	 1.2400
1480	   722.95	 1.0570
1481	   723.04	 7.1830
1482	   723.55	 2.7110
1483	   723.72	 1.1100
1484	   723.89	 0.2610
1485	   723.98	 0.6540
1486	   724.07	 1.1310
1487	   724.41	 1.3400
1488	   724.58	 0.1200
1489	   725.00	 6.0610
1490	   725.34	 2.3720
1491	   725.43	 0.1410
1492	   725.85	 4.4060
1493	   726.36	 0.5220
1494	   726.45	 3.3000
1495	   726.79	 0.1200
1496	   726.96	 0.2230
1497	   727.13	 0.1190
1498	   727.89	 0.1190
1499	   728.23	 6.8800
1500	   728.32	 1.0300
1501	   728.49	 0.6400
1502	   728.66	 0.5100
1503	   728.83	 1.9300
1504	   731.01	 1.1020
1505	   733.18	 0.3410
1506	   735.44	 0.6900
1507	   736.19	 1.4890
1508	   736.45	 2.0620
1509	   737.21	 1.4600
1510	   737.88	 2.1000
1511	   738.38	 3.3800
1512	   739.39	 0.5700
1513	   739.81	 1.9000
1514	   740.40	10.2400
1515	   740.66	 1.2600
1516	   741.08	 3.7330
1517	   741.25	 0.1300
1518	   741.59	 0.2990
1519	   741.76	 8.6410
1520	   741.93	 2.2720
1521	   742.02	 0.1490
1522	   742.20	 4.9000
1523	   742.37	 0.2900
1524	   743.04	 0.1200
1525	   743.96	 1.8800
1526	   744.55	 0.5170
1527	   745.73	 0.1200
1528	   746.15	 0.9390
1529	   747.40	 3.2770
1530	   747.66	 3.1300
1531	   747.83	 0.7500
1532	   748.42	 1.3390
1533	   748.85	 0.1500
1534	   748.93	 3.2100
1535	   749.69	 0.6780
1536	   750.20	 0.1420
1537	   750.95	 0.9800
1538	   751.46	 4.8000
1539	   751.80	12.2920
1540	   751.97	 1.9620
1541	   752.31	 0.4100
1542	   752.48	 0.6820
1543	   752.74	 0.8800
1544	   753.16	 0.3240
1545	   753.25	 0.6680
1546	   754.67	 0.7700
1547	   755.18	 1.8000
1548	   755.68	 1.4100
1549	   757.11	 1.6500
1550	   757.86	 0.1190
1551	   758.28	 1.4920
1552	   758.37	 0.9190
1553	   759.13	11.4440
1554	   759.22	 1.6500
1555	   759.72	 3.0020
1556	   759.90	 0.9800
1557	   760.23	 3.3600
1558	   761.66	 0.2020
1559	   762.08	 0.3000
1560	   762.42	 0.1300
1561	   762.68	 0.6400
1562	   763.60	 0.3600
1563	   763.85	 0.6590
1564	   763.94	 0.7700
1565	   764.45	 1.8900
1566	   764.71	 0.7740
1567	   764.79	 0.1460
1568	   764.97	10.9310
1569	   765.06	 1.4130
1570	   766.48	 5.1500
1571	   766.73	 5.1910
1572	   767.49	 2.1900
1573	   767.58	 2.9800
1574	   768.42	 0.9210
1575	   768.51	 0.1200
1576	   769.01	 1.9700
1577	   769.85	 2.4550
1578	   770.52	 0.1190
1579	   770.61	 1.3300
1580	   770.87	 0.1600
1581	   771.29	 0.3490
1582	   771.46	 0.6070
1583	   771.97	 0.5400
1584	   772.98	 1.2630
1585	   773.48	 2.3360
1586	   773.57	 0.1200
1587	   773.91	 1.3510
1588	   774.50	 5.3300
1589	   774.75	 1.4600
1590	   775.18	 0.9990
1591	   776.43	 0.1220
1592	   776.86	 0.3550
1593	   777.11	 2.1330
1594	   777.70	 0.5590
1595	   777.96	 0.4970
1596	   779.05	 0.1230
1597	   779.22	 1.2210
1598	   779.47	 4.6860
1599	   780.40	 5.3110
1600	   780.49	 0.7650
1601	   781.24	 2.8800
1602	   782.08	 0.1290
1603	   782.34	 0.5280
1604	   783.93	 0.8800
1605	   784.02	 3.6710
1606	   785.94	 1.4230
1607	   786.36	 0.1200
1608	   787.03	 0.6950
1609	   787.29	 2.6500
1610	   787.46	 0.3790
1611	   788.13	 0.1200
1612	   788.81	 1.4780
1613	   789.15	 0.7810
1614	   789.65	 2.0110
1615	   789.91	 0.2910
1616	   790.25	 0.2900
1617	   791.42	 0.1200
1618	   791.84	 0.4160
1619	   791.93	 0.5600
1620	   792.52	 1.7770
1621	   793.03	 0.1160
1622	   793.28	 3.3410
1623	   793.54	 3.5430
1624	   793.63	 0.1200
1625	   793.88	 0.6590
1626	   795.14	 0.5880
1627	   796.06	 3.4470
1628	   796.23	 0.1890
1629	   796.74	 0.4080
1630	   797.58	 1.6600
1631	   798.58	 4.2400
1632	   799.09	 4.5610
1633	   799.18	 2.9740
1634	   799.43	 0.7370
1635	   800.19	 0.1200
1636	   800.36	 1.3200
1637	   801.12	 0.1210
1638	   801.46	 0.3500
1639	   801.71	 0.1440
1640	   802.14	 0.1210
1641	   803.64	 0.1200
1642	   804.48	 2.8410
1643	   804.74	 3.4670
1644	   804.83	 3.7300
1645	   805.50	 1.5800
1646	   805.75	 0.6050
1647	   806.76	 0.1200
1648	   807.43	 0.4570
1649	   808.02	 6.1960
1650	   809.03	 2.4020
1651	   809.53	 0.3900
1652	   809.62	 0.2100
1653	   809.80	 0.1740
1654	   810.05	 0.1200
1655	   810.14	 0.6250
1656	   810.56	 2.9900
1657	   811.15	 2.7690
1658	   811.66	 0.1710
1659	   812.33	 3.5920
1660	   812.42	 1.4010
1661	   812.92	 1.2210
1662	   813.01	 2.5900
1663	   813.10	 0.1200
1664	   814.94	 0.4510
1665	   815.11	 0.1280
1666	   815.87	 0.6300
1667	   816.04	 0.1860
1668	   816.30	 0.1720
1669	   817.14	 2.3800
1670	   817.23	 1.0470
1671	   817.40	 3.7500
1672	   819.07	 0.1390
1673	   819.58	 0.6900
1674	   820.58	 1.4900
1675	   820.67	 2.3220
1676	   820.93	 0.1200
1677	   821.35	 2.5800
1678	   821.86	 1.5780
1679	   822.20	 0.5100
1680	   823.87	 1.5500
1681	   824.21	 0.1140
1682	   825.55	 5.8210
1683	   825.64	 2.1910
1684	   825.73	 2.1580
1685	   826.23	 4.2510
1686	   826.82	 0.2400
1687	   826.91	 5.3490
1688	   827.83	 0.1190
1689	   828.01	 0.5810
1690	   828.26	 0.4400
1691	   830.85	 2.4200
1692	   832.44	 2.9680
1693	   833.03	 2.0670
1694	   834.12	 0.9710
1695	   835.54	 0.3100
1696	   835.63	 6.7710
1697	   835.80	 4.4690
1698	   836.48	 2.7790
1699	   837.57	 0.1590
1700	   837.74	 0.4790
1701	   838.49	 0.6000
1702	   838.92	 2.4200
1703	   839.09	 1.6500
1704	   839.60	 0.1200
1705	   839.77	 0.3280
1706	   839.94	 2.6390
1707	   841.53	 3.2540
1708	   842.04	 0.4250
1709	   842.12	 0.6370
1710	   842.30	 2.6970
1711	   843.39	 2.5600
1712	   843.48	 1.0010
1713	   843.57	 1.1210
1714	   844.91	11.7100
1715	   845.25	 0.1200
1716	   845.67	 1.4300
1717	   846.18	 2.4490
1718	   846.35	 0.2100
1719	   846.44	 0.9230
1720	   846.94	 0.1200
1721	   847.78	 0.2690
1722	   848.12	 4.8600
1723	   848.38	 0.1200
1724	   848.63	 4.1700
1725	   848.80	 2.6810
1726	   849.23	 0.3710
1727	   849.32	 1.0450
1728	   849.49	 7.3390
1729	   849.66	 2.9410
1730	   849.83	 0.1190
1731	   850.59	 0.1200
1732	   850.76	 0.4910
1733	   851.52	 1.6200
1734	   852.11	 1.9200
1735	   852.61	 6.8090
1736	   853.12	 3.0400
1737	   853.29	 1.3520
1738	   853.71	 0.1190
1739	   854.63	 2.6120
1740	   854.81	 0.3700
1741	   855.31	 0.2630
1742	   855.57	 0.2200
1743	   856.24	 1.3800
1744	   857.08	 2.5400
1745	   857.17	 0.5790
1746	   858.43	 3.4490
1747	   858.52	 1.5900
1748	   858.86	 0.4300
1749	   858.94	 1.3510
1750	   859.70	 1.5340
1751	   859.79	 0.6300
1752	   861.96	 8.6210
1753	   862.39	 1.3560
1754	   863.14	 0.1540
1755	   863.90	 4.7310
1756	   864.15	 0.1200
1757	   864.24	 0.2200
1758	   864.58	 0.1200
1759	   865.09	 0.5210
1760	   865.68	 0.7080
1761	   865.85	 0.3820
1762	   866.35	 1.3600
1763	   866.44	 0.6250
1764	   866.53	 0.4860
1765	   866.79	 0.3900
1766	   867.13	 0.3690
1767	   867.47	 4.5100
1768	   867.72	 4.4460
1769	   867.89	 0.9880
1770	   868.15	 1.7640
1771	   868.66	 0.1200
1772	   868.91	 4.7110
1773	   869.25	 3.6770
1774	   869.34	 0.5880
1775	   869.85	 0.1300
1776	   870.43	 1.4580
1777	   870.69	 0.3060
1778	   870.78	 0.2200
1779	   871.03	 2.4400
1780	   871.46	 0.2800
1781	   872.96	 6.9900
1782	   873.22	 0.6100
1783	   874.73	 0.1200
1784	   874.98	 0.2550
1785	   877.40	12.9410
1786	   878.08	 0.1200
1787	   878.42	 1.0900
1788	   880.01	 1.9500
1789	   880.26	 1.8700
1790	   880.93	 4.1300
1791	   881.19	 0.1900
1792	   881.61	 0.1200
1793	   881.87	 0.3100
1794	   882.29	 1.0950
1795	   882.55	 0.1200
1796	   883.22	 0.9000
1797	   883.31	 0.4570
1798	   883.90	 0.1240
1799	   884.32	 0.1200
1800	   885.08	 0.5010
1801	   885.33	 0.4340
1802	   885.76	 1.9410
1803	   886.59	 4.0590
1804	   886.85	 0.6000
1805	   887.19	 5.4480
1806	   887.36	 0.3290
1807	   888.20	 6.2710
1808	   888.29	 7.0700
1809	   888.71	 4.5000
1810	   889.05	 0.2910
1811	   889.31	 0.1210
1812	   889.40	 1.7690
1813	   889.48	 0.4610
1814	   890.49	 1.9500
1815	   891.58	 1.2300
1816	   891.67	 0.1190
1817	   893.26	 2.0190
1818	   893.77	 0.1700
1819	   894.19	 3.6400
1820	   894.36	 1.4210
1821	   895.03	 0.7500
1822	   895.46	 0.8500
1823	   895.88	 0.1530
1824	   897.38	 0.1200
1825	   897.72	 0.1400
1826	   898.23	 1.8500
1827	   898.40	 0.1200
1828	   898.91	 0.1200
1829	   900.08	 5.4030
1830	   901.34	 0.1200
1831	   901.43	 6.3210
1832	   902.43	 1.3100
1833	   903.02	 0.1150
1834	   903.11	 0.6810
1835	   904.37	 1.2670
1836	   904.71	 0.1160
1837	   905.46	 0.1220
1838	   905.55	 1.8440
1839	   906.22	 8.4090
1840	   906.56	 0.4450
1841	   906.65	 1.3100
1842	   907.16	 1.2200
1843	   907.41	 1.8400
1844	   907.75	 0.1270
1845	   908.09	 1.7990
1846	   909.68	 0.2600
1847	   910.52	 0.3000
1848	   910.61	 4.3630
1849	   910.70	 0.4180
1850	   910.79	 0.2250
1851	   911.04	 1.1500
1852	   911.13	 0.6210
1853	   911.64	 0.1190
1854	   912.48	 0.2900
1855	   912.65	 0.1200
1856	   912.82	 6.2200
1857	   913.16	 0.1680
1858	   914.42	 1.4670
1859	   915.59	 1.8100
1860	   915.76	 0.9660
1861	   916.02	 0.5210
1862	   916.52	 3.8900
1863	   916.70	 0.7400
1864	   916.78	 0.3880
1865	   917.71	 4.5480
1866	   917.88	 0.5400
1867	   918.05	 2.4530
1868	   918.72	 0.1200
1869	   919.40	 0.1320
1870	   919.57	 3.6380
1871	   919.74	 5.1880
1872	   920.16	 0.6700
1873	   920.25	 1.0080
1874	   920.34	 1.0890
1875	   920.93	 0.7400
1876	   921.10	 2.2400
1877	   921.36	 0.1210
1878	   921.45	 1.2440
1879	   921.87	 0.2830
1880	   921.96	 0.9100
1881	   922.13	 1.3050
1882	   923.30	 0.4560
1883	   923.48	 2.3840
1884	   924.32	 0.4300
1885	   924.90	 0.4890
1886	   925.16	 0.7710
1887	   925.50	 0.1200
1888	   926.17	 0.4170
1889	   926.51	 7.9100
1890	   926.85	 2.0500
1891	   927.27	 0.7290
1892	   927.45	 3.5800
1893	   928.12	 0.7550
1894	   928.79	 0.8500
1895	   928.96	 1.7500
1896	   929.13	 0.2240
1897	   929.81	 1.6700
1898	   931.15	 0.2900
1899	   932.07	 4.0960
1900	   932.41	 1.2570
1901	   933.50	 0.1190
1902	   933.67	 0.6120
1903	   933.93	 4.9100
1904	   934.02	 0.9380
1905	   934.44	 0.1200
1906	   934.78	 0.3010
1907	   936.37	 0.1190
1908	   936.46	 2.1380
1909	   937.13	 0.1190
1910	   937.30	 0.5410
1911	   937.39	 0.1510
1912	   937.73	 2.6100
1913	   938.57	 1.2000
1914	   938.99	 0.1200
1915	   939.25	 0.9000
1916	   940.67	 1.0490
1917	   940.92	16.7090
1918	   941.10	 0.1200
1919	   941.27	 0.3570
1920	   941.77	 0.5100
1921	   941.86	 0.6010
1922	   942.20	 2.9370
1923	   942.37	 0.1800
1924	   942.46	 3.1940
1925	   942.89	 0.1730
1926	   943.73	 8.2400
1927	   943.98	 1.7700
1928	   944.07	 4.1720
1929	   944.33	 0.5910
1930	   945.17	 0.1200
1931	   945.25	 0.4110
1932	   945.68	 5.2600
1933	   945.85	 0.9200
1934	   945.94	 1.4600
1935	   946.53	 1.0760
1936	   946.78	 1.4920
1937	   946.87	 0.3380
1938	   947.63	 0.1890
1939	   949.22	 0.1700
1940	   949.56	 4.0500
1941	   950.73	 0.1200
1942	   951.07	 3.2300
1943	   951.32	 0.4770
1944	   952.16	 0.1150
1945	   952.42	 0.7300
1946	   952.67	 1.8490
1947	   952.85	 2.1320
1948	   953.02	 0.1530
1949	   953.52	 0.1190
1950	   954.61	 2.6180
1951	   955.79	 0.2150
1952	   955.96	 7.3590
1953	   956.13	 0.3400
1954	   956.22	 1.1900
1955	   956.89	 0.1210
1956	   956.98	10.4000
1957	   957.99	 0.1200
1958	   958.16	 0.4700
1959	   958.50	 0.9310
1960	   958.84	 0.2690
1961	   959.93	 0.4610
1962	   960.18	 0.8270
1963	   960.27	 0.4370
1964	   960.45	 1.1310
1965	   960.62	 0.6850
1966	   960.96	 0.6250
1967	   962.30	 0.8910
1968	   962.89	 1.1980
1969	   962.97	 0.1200
1970	   963.23	 1.2970
1971	   964.32	 3.7600
1972	   964.49	 0.6220
1973	   964.66	 3.4700
1974	   965.34	 2.6970
1975	   965.51	 0.1180
1976	   965.68	 0.1290
1977	   965.77	 0.1220
1978	   965.94	 3.6700
1979	   967.03	 5.7900
1980	   967.37	 0.5400
1981	   969.88	 0.1200
1982	   970.22	 3.8800
1983	   970.56	 0.1190
1984	   971.31	 1.6900
1985	   971.65	 3.7800
1986	   972.33	 0.1210
1987	   972.58	 0.2100
1988	   973.25	 0.1720
1989	   973.43	 1.2280
1990	   974.35	 0.5300
1991	   974.52	 4.9260
1992	   974.69	 5.6530
1993	   974.95	 0.2200
1994	   975.04	 1.2620
1995	   975.29	 0.1210
1996	   975.63	 1.5110
1997	   976.97	 0.3780
1998	   977.23	 0.9600
1999	   977.48	 0.1410
2000	   978.16	 0.1460
2001	   978.83	 0.8860
2002	   979.59	 1.9400
2003	   980.26	 6.7020
2004	   980.85	 7.3020
2005	   981.27	 0.8920
2006	   981.61	 2.0300
2007	   982.03	 7.5590
2008	   983.87	 9.2040
2009	   984.29	 5.2290
2010	   984.38	 1.6380
2011	   984.72	 1.6240
2012	   984.81	 2.1690
2013	   984.90	 0.1160
2014	   985.15	 2.5460
2015	   985.33	 2.9600
2016	   986.25	 0.5720
2017	   987.01	 0.9940
2018	   987.09	 2.0500
2019	   987.52	 0.3480
2020	   987.69	 0.1910
2021	   988.20	 0.7500
2022	   988.87	 3.4230
2023	   989.13	 0.1120
2024	   989.63	 0.2570
2025	   990.89	 0.4500
2026	   991.56	 1.5410
2027	   991.82	 3.3980
2028	   992.66	 7.8270
2029	   992.75	 3.1510
2030	   993.42	 0.2270
2031	   993.51	 0.4170
2032	   994.18	 0.3000
2033	   994.77	 0.4890
2034	   994.94	16.6590
2035	   995.87	 0.1640
2036	   996.20	 3.9400
2037	   996.29	 2.4700
2038	   996.63	 0.6400
2039	   997.47	 0.1270
2040	   998.14	 0.6100
2041	   999.07	 3.0900
2042	  1000.24	 2.8700
2043	  1001.08	 0.1560
2044	  1001.25	 0.1380
2045	  1001.42	 3.7300
2046	  1001.51	 0.1200
2047	  1001.60	 0.1230
2048	  1001.94	 1.4900
2049	  1002.53	 2.3100
2050	  1002.79	 0.1200
2051	  1003.04	 0.5700
2052	  1003.13	 0.1200
2053	  1003.55	 2.5640
2054	  1004.64	 5.3990
2055	  1004.81	 1.6600
2056	  1005.15	 0.1290
2057	  1005.33	 0.3200
2058	  1005.83	 4.2700
2059	  1006.01	 2.7000
2060	  1006.34	 0.1200
2061	  1006.43	 1.6430
2062	  1006.61	 0.2900
2063	  1007.20	 0.8290
2064	  1007.53	 3.7780
2065	  1007.71	 1.4600
2066	  1008.21	 0.2710
2067	  1009.97	 0.3100
2068	  1010.39	 1.4910
2069	  1010.48	 1.7040
2070	  1011.40	 1.5310
2071	  1011.49	 3.8800
2072	  1012.50	12.2700
2073	  1012.67	 4.5010
2074	  1013.26	 2.3290
2075	  1013.43	 6.4070
2076	  1013.94	 0.4730
2077	  1014.36	 0.5300
2078	  1014.53	11.9780
2079	  1014.62	 0.1500
2080	  1014.79	 0.1200
2081	  1015.80	 1.7990
2082	  1016.06	17.1510
2083	  1016.14	 0.5900
2084	  1016.32	 2.3200
2085	  1016.57	 0.2580
2086	  1016.66	11.9100
2087	  1016.92	 0.2960
2088	  1017.00	 0.1200
2089	  1017.26	 4.1330
2090	  1017.43	 1.4150
2091	  1017.69	 0.6910
2092	  1017.94	 0.7830
2093	  1020.28	 1.5960
2094	  1020.87	 6.5020
2095	  1021.05	 0.2300
2096	  1021.47	 3.8170
2097	  1021.81	 2.0900
2098	  1021.90	 0.5890
2099	  1022.57	 0.5930
2100	  1023.16	 1.0590
2101	  1024.08	 0.9670
2102	  1025.34	 2.3000
2103	  1025.93	 0.1390
2104	  1026.93	 0.9630
2105	  1027.27	 1.6300
2106	  1027.36	 0.1440
2107	  1027.78	 3.2800
2108	  1029.37	 1.3700
2109	  1029.63	 0.5500
2110	  1030.55	 2.9780
2111	  1031.31	 0.3110
2112	  1031.48	 4.1800
2113	  1032.32	 3.0140
2114	  1032.74	 0.2970
2115	  1032.83	 2.0600
2116	  1033.00	 1.1900
2117	  1033.34	 2.2200
2118	  1033.68	 3.1800
2119	  1034.02	 0.1900
2120	  1034.44	 0.1200
2121	  1034.70	 7.7900
2122	  1035.04	 1.1670
2123	  1035.13	 3.6100
2124	  1035.55	 0.8100
2125	  1036.30	 0.1200
2126	  1036.39	 0.5920
2127	  1037.73	 0.1200
2128	  1037.82	 0.1190
2129	  1037.91	 0.1190
2130	  1039.25	 0.4700
2131	  1040.34	 8.2900
2132	  1040.43	 5.9900
2133	  1040.60	 0.5890
2134	  1040.86	 0.6230
2135	  1040.94	 5.3810
2136	  1041.12	 5.3310
2137	  1041.37	 4.4110
2138	  1041.54	 0.4700
2139	  1041.97	 0.6530
2140	  1042.47	 1.6220
2141	  1042.65	 0.2290
2142	  1043.98	 0.1710
2143	  1044.07	 1.7990
2144	  1044.16	 1.7500
2145	  1044.34	 0.1190
2146	  1046.01	 4.5620
2147	  1046.18	 0.1200
2148	  1047.52	 1.1300
2149	  1047.61	 2.0480
2150	  1048.45	 1.5510
2151	  1048.79	 2.3830
2152	  1048.88	 1.4920
2153	  1049.88	 0.4120
2154	  1050.22	 3.2380
2155	  1050.39	 0.1800
2156	  1050.82	 0.7780
2157	  1051.16	 0.9600
2158	  1051.24	 8.1300
2159	  1051.67	 4.1030
2160	  1052.34	 2.3770
2161	  1052.43	 2.1590
2162	  1052.68	 2.0720
2163	  1053.19	 0.1700
2164	  1053.53	 1.3850
2165	  1055.62	 4.7800
2166	  1056.37	 0.8090
2167	  1056.88	 0.2200
2168	  1057.39	 8.4100
2169	  1058.23	 0.7920
2170	  1059.15	 0.1210
2171	  1059.65	14.6700
2172	  1060.16	 1.1420
2173	  1060.50	 0.7370
2174	  1061.42	 1.7700
2175	  1061.68	 0.6100
2176	  1061.77	 4.5070
2177	  1061.94	 0.8300
2178	  1062.11	 0.1200
2179	  1062.28	 0.9700
2180	  1062.54	 1.1800
2181	  1063.63	 3.6400
2182	  1063.80	 0.5970
2183	  1064.31	 1.2540
2184	  1064.73	 0.2660
2185	  1065.48	 0.6300
2186	  1066.74	 1.1980
2187	  1067.08	 6.5420
2188	  1067.17	 1.1370
2189	  1067.26	 2.2200
2190	  1067.60	 1.5590
2191	  1068.10	 0.7900
2192	  1068.94	 1.3000
2193	  1069.45	 0.3690
2194	  1069.87	 3.2510
2195	  1069.96	 0.9700
2196	  1070.13	 1.5200
2197	  1071.30	 1.2700
2198	  1071.73	 0.9390
2199	  1071.90	 0.6900
2200	  1072.65	 1.3390
2201	  1074.33	 1.0600
2202	  1074.58	 0.7810
2203	  1074.67	 0.1910
2204	  1075.18	 0.7180
2205	  1075.43	 3.7400
2206	  1075.61	 2.3700
2207	  1075.78	 3.0600
2208	  1076.03	 1.0090
2209	  1076.29	 2.0560
2210	  1076.55	 1.2260
2211	  1077.47	 2.3330
2212	  1077.97	 1.2510
2213	  1078.15	 0.4580
2214	  1078.32	 1.2900
2215	  1078.41	 1.4770
2216	  1078.58	 1.6300
2217	  1079.09	 1.5500
2218	  1079.26	 0.1120
2219	  1080.01	 2.4700
2220	  1080.10	 0.5730
2221	  1080.28	 0.8600
2222	  1080.45	 1.5310
2223	  1080.62	 3.7820
2224	  1081.46	 0.2880
2225	  1081.55	 1.3400
2226	  1082.80	 0.8100
2227	  1083.56	 2.7090
2228	  1084.07	 0.1200
2229	  1085.24	 1.2600
2230	  1085.41	 4.2880
2231	  1086.67	 0.1350
2232	  1087.34	 1.2940
2233	  1087.51	 3.0100
2234	  1088.10	 2.1260
2235	  1088.61	 0.5600
2236	  1088.70	 9.0190
2237	  1089.04	 6.7800
2238	  1089.12	 0.8390
2239	  1089.63	 0.3400
2240	  1089.89	 0.9100
2241	  1090.31	 0.4000
2242	  1090.90	 0.6300
2243	  1091.32	 0.1200
2244	  1091.41	 0.4300
2245	  1093.33	 0.3400
2246	  1094.09	 0.1200
2247	  1094.26	 0.2380
2248	  1094.35	 0.1210
2249	  1094.77	 0.1190
2250	  1094.86	 3.3210
2251	  1095.03	 1.7000
2252	  1095.54	 0.4720
2253	  1096.13	 1.4800
2254	  1097.88	 5.3700
2255	  1100.47	 1.2690
2256	  1100.81	 4.2100
2257	  1102.57	 4.1230
2258	  1102.91	 0.1280
2259	  1103.33	 5.2970
2260	  1105.50	 0.1300
2261	  1106.34	 2.3940
2262	  1106.60	 0.5730
2263	  1107.36	 2.5810
2264	  1107.44	 2.0500
2265	  1107.62	 3.8360
2266	  1109.04	 1.1180
2267	  1109.38	 1.2600
2268	  1109.80	 0.6600
2269	  1110.14	 1.6730
2270	  1110.31	 0.4110
2271	  1110.65	 3.0200
2272	  1111.99	 0.5600
2273	  1112.16	 2.8860
2274	  1112.34	 0.4790
2275	  1112.93	 0.2610
2276	  1113.85	 0.2590
2277	  1114.77	 0.2780
2278	  1115.61	 0.5680
2279	  1115.70	 1.2960
2280	  1115.87	 0.3190
2281	  1116.29	 0.1200
2282	  1116.38	 1.4170
2283	  1116.47	 0.3800
2284	  1118.06	 0.3800
2285	  1118.15	 0.9440
2286	  1118.57	 1.4630
2287	  1118.66	 0.9010
2288	  1119.50	 7.7840
2289	  1119.76	13.6790
2290	  1120.01	 0.1200
2291	  1120.10	 0.5120
2292	  1120.77	 0.4110
2293	  1120.86	 0.2840
2294	  1122.20	 0.7200
2295	  1122.96	 2.3400
2296	  1123.55	 3.4210
2297	  1123.64	 0.1210
2298	  1123.81	 0.1620
2299	  1125.65	 3.5490
2300	  1126.07	 2.7150
2301	  1126.25	 0.7890
2302	  1126.75	 4.3290
2303	  1127.42	 1.1120
2304	  1128.43	 0.7700
2305	  1128.85	 0.1200
2306	  1129.03	 3.8900
2307	  1130.03	 0.1200
2308	  1130.62	 2.2690
2309	  1130.71	 1.4200
2310	  1130.97	 5.0380
2311	  1131.64	 3.8600
2312	  1131.98	 3.8000
2313	  1132.57	 1.3300
2314	  1133.16	 2.5900
2315	  1134.08	 1.8000
2316	  1134.92	 1.0690
2317	  1135.42	 0.1790
2318	  1135.76	 3.9900
2319	  1136.27	 0.5080
2320	  1137.11	 1.7390
2321	  1137.36	 0.2220
2322	  1137.95	 1.4000
2323	  1138.04	 3.3000
2324	  1138.38	 1.0490
2325	  1139.05	10.1080
2326	  1141.06	 0.1190
2327	  1141.73	 3.9600
2328	  1142.99	 0.7080
2329	  1144.58	 1.1980
2330	  1144.67	 0.1190
2331	  1145.67	 1.7600
2332	  1145.76	 1.1250
2333	  1146.85	 4.7370
2334	  1146.94	 0.1890
2335	  1147.45	 1.3700
2336	  1149.04	 0.9880
2337	  1149.54	 0.1220
2338	  1149.80	 7.2220
2339	  1150.72	 1.1460
2340	  1150.81	 0.6810
2341	  1151.07	 0.1200
2342	  1151.41	 1.0570
2343	  1151.58	 3.4440
2344	  1151.83	 1.5710
2345	  1152.67	 1.8600
2346	  1153.18	 3.2390
2347	  1153.85	 0.4830
2348	  1153.94	 1.1400
2349	  1154.03	 0.8810
2350	  1154.87	 1.0300
2351	  1155.46	 0.2800
2352	  1155.71	 1.6730
2353	  1155.89	 1.7610
2354	  1156.73	 0.1240
2355	  1156.90	 0.1140
2356	  1157.24	 1.8300
2357	  1157.49	 3.3310
2358	  1158.08	 0.2080
2359	  1160.67	 6.2450
2360	  1160.76	 0.1200
2361	  1161.10	 1.0080
2362	  1161.27	 1.9280
2363	  1162.45	 6.4400
2364	  1162.70	 0.1200
2365	  1163.96	 0.3090
2366	  1164.13	 1.9810
2367	  1164.38	 2.5100
2368	  1164.72	 1.7400
2369	  1164.81	 0.5990
2370	  1165.82	 0.1210
2371	  1165.99	 0.9880
2372	  1166.66	 0.3500
2373	  1168.34	 1.8810
2374	  1168.93	 1.1300
2375	  1169.43	 0.5590
2376	  1169.52	 4.2700
2377	  1170.19	 9.6900
2378	  1170.37	 4.8200
2379	  1170.62	 0.4200
2380	  1170.88	 1.9770
2381	  1171.63	 0.6500
2382	  1172.39	 0.8130
2383	  1172.64	 0.1230
2384	  1173.15	 4.5680
2385	  1173.24	 0.1190
2386	  1174.33	 0.4880
2387	  1174.50	 1.7200
2388	  1174.76	 3.5400
2389	  1174.85	 0.2600
2390	  1175.60	 0.5000
2391	  1175.94	 0.3200
2392	  1176.03	 0.4420
2393	  1176.37	 0.7710
2394	  1178.79	 1.7390
2395	  1178.96	 3.4200
2396	  1182.06	 0.1200
2397	  1182.56	 0.1190
2398	  1182.90	 0.3900
2399	  1182.99	 0.8500
2400	  1183.08	 0.1490
2401	  1183.33	 3.6460
2402	  1183.84	 0.9610
2403	  1184.18	 0.1470
2404	  1184.60	 1.4000
2405	  1184.69	 2.9400
2406	  1184.78	 0.1390
2407	  1185.20	 0.4500
2408	  1185.79	 0.3330
2409	  1186.13	 6.1280
2410	  1187.05	 0.1200
2411	  1187.73	 1.8000
2412	  1188.40	 0.1200
2413	  1188.65	 7.6780
2414	  1189.08	 2.3100
2415	  1189.33	 0.1190
2416	  1189.50	 4.3270
2417	  1190.01	 7.1250
2418	  1190.27	 0.5400
2419	  1191.11	 4.1540
2420	  1191.28	 5.3330
2421	  1191.37	 0.2630
2422	  1191.71	 4.1000
2423	  1192.63	 0.2040
2424	  1193.80	 3.9360
2425	  1194.39	 2.2160
