1.425000000E+5	4.415000000E-1	8.989000000E-1
1.427000000E+5	5.687000000E-1	8.990000000E-1
1.429000000E+5	5.302000000E-1	8.991000000E-1
1.431000000E+5	2.230000000E-1	8.991000000E-1
1.433000000E+5	6.730000000E-1	8.991000000E-1
1.435000000E+5	2.143000000E-1	8.991000000E-1
1.437000000E+5	6.099000000E-1	8.992000000E-1
1.439000000E+5	6.543000000E-1	8.990000000E-1
1.441000000E+5	4.085000000E-1	8.991000000E-1
1.443000000E+5	4.567000000E-1	8.991000000E-1
1.445000000E+5	6.548000000E-1	8.990000000E-1
1.447000000E+5	5.116000000E-1	8.990000000E-1
1.449000000E+5	2.661000000E-1	8.991000000E-1
1.451000000E+5	8.687000000E-1	8.991000000E-1
1.453000000E+5	4.829000000E-1	8.989000000E-1
1.455000000E+5	6.679000000E-1	8.992000000E-1
1.457000000E+5	7.030000000E-1	8.990000000E-1
1.459000000E+5	5.417000000E-1	8.990000000E-1
1.461000000E+5	5.274000000E-1	8.991000000E-1
1.463000000E+5	3.982000000E-1	8.990000000E-1
1.465000000E+5	5.804000000E-1	8.991000000E-1
1.467000000E+5	5.894000000E-1	8.990000000E-1
1.469000000E+5	9.263000000E-1	8.991000000E-1
1.471000000E+5	4.205000000E-1	8.991000000E-1
1.473000000E+5	8.509000000E-1	8.992000000E-1
1.475000000E+5	6.824000000E-1	8.989000000E-1
1.477000000E+5	5.236000000E-1	8.991000000E-1
1.479000000E+5	4.481000000E-1	8.991000000E-1
1.481000000E+5	7.219000000E-1	8.991000000E-1
1.483000000E+5	5.692000000E-1	8.991000000E-1
1.485000000E+5	7.239000000E-1	8.990000000E-1
1.487000000E+5	6.304000000E-1	8.991000000E-1
1.489000000E+5	5.212000000E-1	8.990000000E-1
1.491000000E+5	5.757000000E-1	8.991000000E-1
1.493000000E+5	8.435000000E-1	8.990000000E-1
1.495000000E+5	8.971000000E-1	8.991000000E-1
1.497000000E+5	4.802000000E-1	8.989000000E-1
1.499000000E+5	8.196000000E-1	8.992000000E-1
1.501000000E+5	6.543000000E-1	8.989000000E-1
1.503000000E+5	6.447000000E-1	8.992000000E-1
1.505000000E+5	8.100000000E-1	8.990000000E-1
1.507000000E+5	6.571000000E-1	8.991000000E-1
1.509000000E+5	8.067000000E-1	8.991000000E-1
1.511000000E+5	8.457000000E-1	8.990000000E-1
1.513000000E+5	1.024000000E+0	8.991000000E-1
1.515000000E+5	7.655000000E-1	8.990000000E-1
1.517000000E+5	8.589000000E-1	8.991000000E-1
1.519000000E+5	9.028000000E-1	8.990000000E-1
1.521000000E+5	8.368000000E-1	8.991000000E-1
1.523000000E+5	5.899000000E-1	8.990000000E-1
1.525000000E+5	8.399000000E-1	8.991000000E-1
1.527000000E+5	9.720000000E-1	8.991000000E-1
1.529000000E+5	9.327000000E-1	8.991000000E-1
1.531000000E+5	9.073000000E-1	8.991000000E-1
1.533000000E+5	1.143800000E+0	8.991000000E-1
1.535000000E+5	8.867000000E-1	8.990000000E-1
1.537000000E+5	1.116400000E+0	8.991000000E-1
1.539000000E+5	9.299000000E-1	8.991000000E-1
1.541000000E+5	1.148500000E+0	8.991000000E-1
1.543000000E+5	9.915000000E-1	8.990000000E-1
1.545000000E+5	1.366100000E+0	8.991000000E-1
1.547000000E+5	1.020000000E+0	8.989000000E-1
1.549000000E+5	1.154300000E+0	8.992000000E-1
1.551000000E+5	1.043700000E+0	8.989000000E-1
1.553000000E+5	1.367200000E+0	8.990000000E-1
1.555000000E+5	1.379400000E+0	8.991000000E-1
1.557000000E+5	1.510000000E+0	8.991000000E-1
1.559000000E+5	1.394300000E+0	8.991000000E-1
1.561000000E+5	1.456400000E+0	8.990000000E-1
1.563000000E+5	1.404400000E+0	8.991000000E-1
1.565000000E+5	1.545200000E+0	8.990000000E-1
1.567000000E+5	1.315100000E+0	8.991000000E-1
1.569000000E+5	1.473300000E+0	8.990000000E-1
1.571000000E+5	1.634600000E+0	8.991000000E-1
1.573000000E+5	1.730200000E+0	8.990000000E-1
1.575000000E+5	1.708400000E+0	8.991000000E-1
1.577000000E+5	1.516500000E+0	8.990000000E-1
1.579000000E+5	1.866000000E+0	8.991000000E-1
1.581000000E+5	1.902800000E+0	8.991000000E-1
1.583000000E+5	1.877700000E+0	8.991000000E-1
1.585000000E+5	1.830400000E+0	8.991000000E-1
1.587000000E+5	1.721700000E+0	8.991000000E-1
1.589000000E+5	2.023000000E+0	8.991000000E-1
1.591000000E+5	2.259000000E+0	8.990000000E-1
1.593000000E+5	2.021000000E+0	8.991000000E-1
1.595000000E+5	2.141000000E+0	8.990000000E-1
1.597000000E+5	2.159000000E+0	8.991000000E-1
1.599000000E+5	2.475000000E+0	8.990000000E-1
1.601000000E+5	2.528000000E+0	8.990000000E-1
1.603000000E+5	2.560000000E+0	8.991000000E-1
1.605000000E+5	2.478000000E+0	8.991000000E-1
1.607000000E+5	2.586000000E+0	8.992000000E-1
1.609000000E+5	2.904000000E+0	8.989000000E-1
1.611000000E+5	2.733000000E+0	8.991000000E-1
1.613000000E+5	2.750000000E+0	8.989000000E-1
1.615000000E+5	3.025000000E+0	8.992000000E-1
1.617000000E+5	2.903000000E+0	8.989000000E-1
1.619000000E+5	3.119000000E+0	8.991000000E-1
1.621000000E+5	2.905000000E+0	8.990000000E-1
1.623000000E+5	3.142000000E+0	8.992000000E-1
1.625000000E+5	2.975000000E+0	8.991000000E-1
1.627000000E+5	2.883000000E+0	8.991000000E-1
1.629000000E+5	2.883000000E+0	8.991000000E-1
1.631000000E+5	3.113000000E+0	8.991000000E-1
1.633000000E+5	2.818000000E+0	8.990000000E-1
1.635000000E+5	3.009000000E+0	8.991000000E-1
1.637000000E+5	2.590000000E+0	8.990000000E-1
1.639000000E+5	2.687000000E+0	8.991000000E-1
1.641000000E+5	2.838000000E+0	8.991000000E-1
1.643000000E+5	2.959000000E+0	8.991000000E-1
1.645000000E+5	2.667000000E+0	8.990000000E-1
1.647000000E+5	2.608000000E+0	8.991000000E-1
1.649000000E+5	2.650000000E+0	8.990000000E-1
1.651000000E+5	2.644000000E+0	8.991000000E-1
1.653000000E+5	2.614000000E+0	8.990000000E-1
1.655000000E+5	2.540000000E+0	8.991000000E-1
1.657000000E+5	2.121000000E+0	8.991000000E-1
1.659000000E+5	2.197000000E+0	8.990000000E-1
1.661000000E+5	2.271000000E+0	8.992000000E-1
1.663000000E+5	2.031000000E+0	8.990000000E-1
1.665000000E+5	2.256000000E+0	8.992000000E-1
1.667000000E+5	1.806000000E+0	8.991000000E-1
1.669000000E+5	2.131000000E+0	8.991000000E-1
1.671000000E+5	2.035000000E+0	8.991000000E-1
1.673000000E+5	1.906000000E+0	8.991000000E-1
1.675000000E+5	1.900000000E+0	8.990000000E-1
1.677000000E+5	1.893000000E+0	8.991000000E-1
1.679000000E+5	1.707000000E+0	8.991000000E-1
1.681000000E+5	1.742000000E+0	8.991000000E-1
1.683000000E+5	1.595000000E+0	8.990000000E-1
1.685000000E+5	1.612600000E+0	8.992000000E-1
1.687000000E+5	1.392900000E+0	8.990000000E-1
1.689000000E+5	1.618200000E+0	8.991000000E-1
1.691000000E+5	1.419800000E+0	8.991000000E-1
1.693000000E+5	1.661600000E+0	8.990000000E-1
1.695000000E+5	1.475500000E+0	8.991000000E-1
1.697000000E+5	1.435100000E+0	8.990000000E-1
1.699000000E+5	1.302800000E+0	8.991000000E-1
1.701000000E+5	1.279000000E+0	8.990000000E-1
1.703000000E+5	1.097300000E+0	8.991000000E-1
1.705000000E+5	1.453600000E+0	8.990000000E-1
1.707000000E+5	1.487800000E+0	8.991000000E-1
1.709000000E+5	1.298100000E+0	8.990000000E-1
1.711000000E+5	1.229900000E+0	8.991000000E-1
1.713000000E+5	1.085000000E+0	8.990000000E-1
1.715000000E+5	1.257900000E+0	8.991000000E-1
1.717000000E+5	1.011500000E+0	8.990000000E-1
1.719000000E+5	1.375000000E+0	8.991000000E-1
1.721000000E+5	1.092800000E+0	8.990000000E-1
1.723000000E+5	1.126400000E+0	8.991000000E-1
1.725000000E+5	9.197000000E-1	8.991000000E-1
1.727000000E+5	1.150100000E+0	8.991000000E-1
1.729000000E+5	1.133400000E+0	8.990000000E-1
1.731000000E+5	1.078400000E+0	8.991000000E-1
1.733000000E+5	7.690000000E-1	8.990000000E-1
1.735000000E+5	1.032000000E+0	8.990000000E-1
1.737000000E+5	9.732000000E-1	8.990000000E-1
1.739000000E+5	1.154500000E+0	8.991000000E-1
1.741000000E+5	1.141400000E+0	8.990000000E-1
1.743000000E+5	1.152900000E+0	8.991000000E-1
1.745000000E+5	8.936000000E-1	8.990000000E-1
1.747000000E+5	1.043400000E+0	8.991000000E-1
1.749000000E+5	9.725000000E-1	8.990000000E-1
1.751000000E+5	1.121500000E+0	8.991000000E-1
1.753000000E+5	1.010600000E+0	8.990000000E-1
1.755000000E+5	9.526000000E-1	8.991000000E-1
1.757000000E+5	1.079700000E+0	8.990000000E-1
1.759000000E+5	9.035000000E-1	8.991000000E-1
1.761000000E+5	9.549000000E-1	8.990000000E-1
1.763000000E+5	9.123000000E-1	8.991000000E-1
1.765000000E+5	8.791000000E-1	8.990000000E-1
1.767000000E+5	8.832000000E-1	8.991000000E-1
1.769000000E+5	9.008000000E-1	8.991000000E-1
1.771000000E+5	9.161000000E-1	8.991000000E-1
1.773000000E+5	9.712000000E-1	8.990000000E-1
1.775000000E+5	1.121400000E+0	8.991000000E-1
1.777000000E+5	9.355000000E-1	8.990000000E-1
1.779000000E+5	9.314000000E-1	8.991000000E-1
1.781000000E+5	8.825000000E-1	8.990000000E-1
1.783000000E+5	8.590000000E-1	8.991000000E-1
1.785000000E+5	8.188000000E-1	8.990000000E-1
1.787000000E+5	1.000800000E+0	8.991000000E-1
1.789000000E+5	9.880000000E-1	8.989000000E-1
1.791000000E+5	9.796000000E-1	8.992000000E-1
1.793000000E+5	7.353000000E-1	8.990000000E-1
1.795000000E+5	1.051700000E+0	8.992000000E-1
1.797000000E+5	1.058600000E+0	8.991000000E-1
1.799000000E+5	1.107800000E+0	8.991000000E-1
1.801000000E+5	9.612000000E-1	8.991000000E-1
1.803000000E+5	1.083000000E+0	8.990000000E-1
1.805000000E+5	8.930000000E-1	8.991000000E-1
1.807000000E+5	9.675000000E-1	8.990000000E-1
1.809000000E+5	9.578000000E-1	8.991000000E-1
1.811000000E+5	7.493000000E-1	8.990000000E-1
1.813000000E+5	8.326000000E-1	8.991000000E-1
1.815000000E+5	8.705000000E-1	8.990000000E-1
1.817000000E+5	9.779000000E-1	8.991000000E-1
1.819000000E+5	8.752000000E-1	8.990000000E-1
1.821000000E+5	1.016300000E+0	8.991000000E-1
1.823000000E+5	8.549000000E-1	8.990000000E-1
