1.425000000E+5	4.164000000E-1	8.985000000E-1
1.427000000E+5	2.365000000E-1	8.986000000E-1
1.429000000E+5	2.242000000E-1	8.986000000E-1
1.431000000E+5	3.956000000E-1	8.986000000E-1
1.433000000E+5	3.339000000E-1	8.985000000E-1
1.435000000E+5	4.079000000E-1	8.986000000E-1
1.437000000E+5	2.109000000E-1	8.986000000E-1
1.439000000E+5	2.765000000E-1	8.986000000E-1
1.441000000E+5	3.916000000E-1	8.986000000E-1
1.443000000E+5	3.213000000E-1	8.985000000E-1
1.445000000E+5	3.009000000E-1	8.986000000E-1
1.447000000E+5	3.597000000E-1	8.985000000E-1
1.449000000E+5	4.578000000E-1	8.986000000E-1
1.451000000E+5	1.973000000E-1	8.986000000E-1
1.453000000E+5	2.870000000E-1	8.985000000E-1
1.455000000E+5	4.378000000E-1	8.987000000E-1
1.457000000E+5	3.500000000E-1	8.985000000E-1
1.459000000E+5	4.317000000E-1	8.986000000E-1
1.461000000E+5	3.722000000E-1	8.985000000E-1
1.463000000E+5	4.435000000E-1	8.987000000E-1
1.465000000E+5	3.333000000E-1	8.986000000E-1
1.467000000E+5	3.282000000E-1	8.985000000E-1
1.469000000E+5	4.536000000E-1	8.986000000E-1
1.471000000E+5	4.606000000E-1	8.985000000E-1
1.473000000E+5	4.105000000E-1	8.986000000E-1
1.475000000E+5	3.193000000E-1	8.985000000E-1
1.477000000E+5	3.890000000E-1	8.986000000E-1
1.479000000E+5	2.795000000E-1	8.985000000E-1
1.481000000E+5	5.968000000E-1	8.986000000E-1
1.483000000E+5	3.190000000E-1	8.985000000E-1
1.485000000E+5	4.953000000E-1	8.986000000E-1
1.487000000E+5	4.111000000E-1	8.986000000E-1
1.489000000E+5	6.136000000E-1	8.986000000E-1
1.491000000E+5	3.973000000E-1	8.985000000E-1
1.493000000E+5	4.934000000E-1	8.986000000E-1
1.495000000E+5	3.717000000E-1	8.986000000E-1
1.497000000E+5	5.279000000E-1	8.986000000E-1
1.499000000E+5	4.132000000E-1	8.985000000E-1
1.501000000E+5	4.632000000E-1	8.986000000E-1
1.503000000E+5	4.461000000E-1	8.984000000E-1
1.505000000E+5	5.740000000E-1	8.986000000E-1
1.507000000E+5	4.951000000E-1	8.985000000E-1
1.509000000E+5	5.655000000E-1	8.986000000E-1
1.511000000E+5	4.929000000E-1	8.985000000E-1
1.513000000E+5	5.950000000E-1	8.986000000E-1
1.515000000E+5	5.397000000E-1	8.985000000E-1
1.517000000E+5	5.507000000E-1	8.986000000E-1
1.519000000E+5	5.450000000E-1	8.985000000E-1
1.521000000E+5	5.914000000E-1	8.987000000E-1
1.523000000E+5	4.612000000E-1	8.984000000E-1
1.525000000E+5	5.717000000E-1	8.987000000E-1
1.527000000E+5	5.164000000E-1	8.985000000E-1
1.529000000E+5	6.801000000E-1	8.986000000E-1
1.531000000E+5	7.541000000E-1	8.985000000E-1
1.533000000E+5	5.902000000E-1	8.987000000E-1
1.535000000E+5	7.042000000E-1	8.985000000E-1
1.537000000E+5	7.972000000E-1	8.985000000E-1
1.539000000E+5	7.126000000E-1	8.986000000E-1
1.541000000E+5	7.881000000E-1	8.985000000E-1
1.543000000E+5	9.368000000E-1	8.986000000E-1
1.545000000E+5	8.436000000E-1	8.985000000E-1
1.547000000E+5	8.953000000E-1	8.986000000E-1
1.549000000E+5	8.646000000E-1	8.985000000E-1
1.551000000E+5	8.690000000E-1	8.986000000E-1
1.553000000E+5	7.347000000E-1	8.985000000E-1
1.555000000E+5	1.147500000E+0	8.986000000E-1
1.557000000E+5	7.966000000E-1	8.984000000E-1
1.559000000E+5	9.490000000E-1	8.986000000E-1
1.561000000E+5	9.108000000E-1	8.985000000E-1
1.563000000E+5	1.112700000E+0	8.986000000E-1
1.565000000E+5	1.094800000E+0	8.985000000E-1
1.567000000E+5	1.222900000E+0	8.986000000E-1
1.569000000E+5	1.246300000E+0	8.985000000E-1
1.571000000E+5	1.272900000E+0	8.986000000E-1
1.573000000E+5	1.336400000E+0	8.984000000E-1
1.575000000E+5	1.364100000E+0	8.986000000E-1
1.577000000E+5	1.339600000E+0	8.985000000E-1
1.579000000E+5	1.469800000E+0	8.986000000E-1
1.581000000E+5	1.595900000E+0	8.984000000E-1
1.583000000E+5	1.596900000E+0	8.987000000E-1
1.585000000E+5	1.627000000E+0	8.985000000E-1
1.587000000E+5	1.816900000E+0	8.987000000E-1
1.589000000E+5	1.783700000E+0	8.985000000E-1
1.591000000E+5	1.963900000E+0	8.986000000E-1
1.593000000E+5	1.913900000E+0	8.986000000E-1
1.595000000E+5	2.352000000E+0	8.986000000E-1
1.597000000E+5	2.091000000E+0	8.985000000E-1
1.599000000E+5	2.317000000E+0	8.986000000E-1
1.601000000E+5	2.289000000E+0	8.984000000E-1
1.603000000E+5	2.464000000E+0	8.987000000E-1
1.605000000E+5	2.489000000E+0	8.985000000E-1
1.607000000E+5	2.590000000E+0	8.986000000E-1
1.609000000E+5	2.852000000E+0	8.985000000E-1
1.611000000E+5	2.978000000E+0	8.987000000E-1
1.613000000E+5	2.872000000E+0	8.986000000E-1
1.615000000E+5	2.955000000E+0	8.986000000E-1
1.617000000E+5	3.133000000E+0	8.986000000E-1
1.619000000E+5	3.044000000E+0	8.985000000E-1
1.621000000E+5	3.212000000E+0	8.986000000E-1
1.623000000E+5	3.076000000E+0	8.986000000E-1
1.625000000E+5	3.348000000E+0	8.986000000E-1
1.627000000E+5	3.097000000E+0	8.986000000E-1
1.629000000E+5	3.212000000E+0	8.986000000E-1
1.631000000E+5	3.091000000E+0	8.985000000E-1
1.633000000E+5	3.102000000E+0	8.987000000E-1
1.635000000E+5	3.114000000E+0	8.985000000E-1
1.637000000E+5	3.076000000E+0	8.985000000E-1
1.639000000E+5	2.977000000E+0	8.986000000E-1
1.641000000E+5	2.866000000E+0	8.986000000E-1
1.643000000E+5	2.705000000E+0	8.986000000E-1
1.645000000E+5	2.646000000E+0	8.985000000E-1
1.647000000E+5	2.638000000E+0	8.986000000E-1
1.649000000E+5	2.375000000E+0	8.986000000E-1
1.651000000E+5	2.525000000E+0	8.986000000E-1
1.653000000E+5	2.315000000E+0	8.986000000E-1
1.655000000E+5	2.232000000E+0	8.986000000E-1
1.657000000E+5	2.016000000E+0	8.985000000E-1
1.659000000E+5	1.964000000E+0	8.987000000E-1
1.661000000E+5	1.902000000E+0	8.985000000E-1
1.663000000E+5	1.868000000E+0	8.986000000E-1
1.665000000E+5	1.732400000E+0	8.986000000E-1
1.667000000E+5	1.706100000E+0	8.985000000E-1
1.669000000E+5	1.723300000E+0	8.986000000E-1
1.671000000E+5	1.547000000E+0	8.985000000E-1
1.673000000E+5	1.514900000E+0	8.986000000E-1
1.675000000E+5	1.345800000E+0	8.985000000E-1
1.677000000E+5	1.406500000E+0	8.987000000E-1
1.679000000E+5	1.446400000E+0	8.985000000E-1
1.681000000E+5	1.276700000E+0	8.987000000E-1
1.683000000E+5	1.354500000E+0	8.986000000E-1
1.685000000E+5	1.143100000E+0	8.986000000E-1
1.687000000E+5	1.165900000E+0	8.986000000E-1
1.689000000E+5	1.183700000E+0	8.986000000E-1
1.691000000E+5	1.040200000E+0	8.986000000E-1
1.693000000E+5	9.842000000E-1	8.985000000E-1
1.695000000E+5	1.115300000E+0	8.986000000E-1
1.697000000E+5	8.627000000E-1	8.985000000E-1
1.699000000E+5	1.054400000E+0	8.986000000E-1
1.701000000E+5	9.827000000E-1	8.986000000E-1
1.703000000E+5	1.040200000E+0	8.985000000E-1
1.705000000E+5	9.466000000E-1	8.986000000E-1
1.707000000E+5	8.928000000E-1	8.986000000E-1
1.709000000E+5	1.012900000E+0	8.986000000E-1
1.711000000E+5	8.269000000E-1	8.985000000E-1
1.713000000E+5	9.059000000E-1	8.987000000E-1
1.715000000E+5	8.460000000E-1	8.985000000E-1
1.717000000E+5	7.836000000E-1	8.986000000E-1
1.719000000E+5	8.034000000E-1	8.986000000E-1
1.721000000E+5	7.699000000E-1	8.986000000E-1
1.723000000E+5	6.885000000E-1	8.986000000E-1
1.725000000E+5	7.276000000E-1	8.985000000E-1
1.727000000E+5	8.269000000E-1	8.986000000E-1
1.729000000E+5	6.758000000E-1	8.986000000E-1
1.731000000E+5	7.389000000E-1	8.986000000E-1
1.733000000E+5	6.122000000E-1	8.985000000E-1
1.735000000E+5	7.259000000E-1	8.986000000E-1
1.737000000E+5	7.737000000E-1	8.986000000E-1
1.739000000E+5	6.442000000E-1	8.985000000E-1
1.741000000E+5	7.023000000E-1	8.986000000E-1
1.743000000E+5	5.724000000E-1	8.985000000E-1
1.745000000E+5	7.729000000E-1	8.986000000E-1
1.747000000E+5	7.537000000E-1	8.985000000E-1
1.749000000E+5	6.079000000E-1	8.987000000E-1
1.751000000E+5	6.718000000E-1	8.986000000E-1
1.753000000E+5	6.628000000E-1	8.985000000E-1
1.755000000E+5	6.822000000E-1	8.986000000E-1
1.757000000E+5	5.494000000E-1	8.985000000E-1
1.759000000E+5	6.822000000E-1	8.987000000E-1
1.761000000E+5	6.240000000E-1	8.986000000E-1
1.763000000E+5	5.696000000E-1	8.985000000E-1
1.765000000E+5	7.009000000E-1	8.986000000E-1
1.767000000E+5	6.345000000E-1	8.986000000E-1
1.769000000E+5	6.490000000E-1	8.986000000E-1
1.771000000E+5	6.149000000E-1	8.985000000E-1
1.773000000E+5	6.158000000E-1	8.986000000E-1
1.775000000E+5	5.694000000E-1	8.986000000E-1
1.777000000E+5	5.553000000E-1	8.985000000E-1
1.779000000E+5	5.060000000E-1	8.986000000E-1
1.781000000E+5	5.292000000E-1	8.985000000E-1
1.783000000E+5	8.045000000E-1	8.986000000E-1
1.785000000E+5	5.871000000E-1	8.985000000E-1
1.787000000E+5	7.677000000E-1	8.987000000E-1
1.789000000E+5	7.156000000E-1	8.986000000E-1
1.791000000E+5	4.508000000E-1	8.985000000E-1
1.793000000E+5	6.171000000E-1	8.986000000E-1
1.795000000E+5	6.258000000E-1	8.985000000E-1
1.797000000E+5	6.721000000E-1	8.986000000E-1
1.799000000E+5	6.029000000E-1	8.985000000E-1
1.801000000E+5	5.541000000E-1	8.985000000E-1
1.803000000E+5	5.786000000E-1	8.986000000E-1
1.805000000E+5	4.715000000E-1	8.986000000E-1
1.807000000E+5	6.301000000E-1	8.986000000E-1
1.809000000E+5	5.725000000E-1	8.986000000E-1
1.811000000E+5	6.143000000E-1	8.987000000E-1
1.813000000E+5	5.138000000E-1	8.985000000E-1
1.815000000E+5	6.058000000E-1	8.985000000E-1
1.817000000E+5	5.826000000E-1	8.986000000E-1
1.819000000E+5	7.055000000E-1	8.985000000E-1
1.821000000E+5	6.916000000E-1	8.986000000E-1
1.823000000E+5	5.358000000E-1	8.986000000E-1
