1.575000000E+5	1.850000000E-2	8.979000000E-1
1.575500000E+5	-3.006000000E-2	8.978000000E-1
1.576000000E+5	1.567800000E-1	8.979000000E-1
1.576500000E+5	-5.489000000E-2	8.977000000E-1
1.577000000E+5	5.410000000E-3	8.978000000E-1
1.577500000E+5	-1.202000000E-2	8.978000000E-1
1.578000000E+5	1.739000000E-2	8.979000000E-1
1.578500000E+5	5.474000000E-2	8.977000000E-1
1.579000000E+5	1.202500000E-1	8.979000000E-1
1.579500000E+5	7.707000000E-2	8.978000000E-1
1.580000000E+5	1.913000000E-1	8.978000000E-1
1.580500000E+5	3.787000000E-2	8.978000000E-1
1.581000000E+5	1.276900000E-1	8.978000000E-1
1.581500000E+5	8.940000000E-2	8.978000000E-1
1.582000000E+5	4.673000000E-2	8.978000000E-1
1.582500000E+5	1.257400000E-1	8.978000000E-1
1.583000000E+5	2.229000000E-2	8.978000000E-1
1.583500000E+5	8.179000000E-2	8.977000000E-1
1.584000000E+5	5.084000000E-2	8.979000000E-1
1.584500000E+5	5.806000000E-2	8.978000000E-1
1.585000000E+5	1.022500000E-1	8.979000000E-1
1.585500000E+5	2.774000000E-2	8.977000000E-1
1.586000000E+5	1.326900000E-1	8.979000000E-1
1.586500000E+5	8.407000000E-2	8.977000000E-1
1.587000000E+5	1.083000000E-2	8.978000000E-1
1.587500000E+5	5.179000000E-2	8.978000000E-1
1.588000000E+5	1.836600000E-1	8.978000000E-1
1.588500000E+5	1.554600000E-1	8.978000000E-1
1.589000000E+5	-3.123000000E-2	8.978000000E-1
1.589500000E+5	6.462000000E-2	8.978000000E-1
1.590000000E+5	3.810000000E-2	8.978000000E-1
1.590500000E+5	1.953500000E-1	8.978000000E-1
1.591000000E+5	5.132000000E-2	8.978000000E-1
1.591500000E+5	1.516900000E-1	8.978000000E-1
1.592000000E+5	6.958000000E-2	8.978000000E-1
1.592500000E+5	1.218700000E-1	8.978000000E-1
1.593000000E+5	5.812000000E-2	8.977000000E-1
1.593500000E+5	1.045600000E-1	8.978000000E-1
1.594000000E+5	1.498800000E-1	8.978000000E-1
1.594500000E+5	1.626400000E-1	8.977000000E-1
1.595000000E+5	1.489100000E-1	8.979000000E-1
1.595500000E+5	4.988000000E-2	8.977000000E-1
1.596000000E+5	1.624700000E-1	8.978000000E-1
1.596500000E+5	1.015000000E-1	8.978000000E-1
1.597000000E+5	1.508000000E-1	8.978000000E-1
1.597500000E+5	6.481000000E-2	8.978000000E-1
1.598000000E+5	1.988500000E-1	8.978000000E-1
1.598500000E+5	1.888000000E-1	8.977000000E-1
1.599000000E+5	2.272000000E-1	8.978000000E-1
1.599500000E+5	1.953000000E-1	8.977000000E-1
1.600000000E+5	2.593000000E-1	8.978000000E-1
1.600500000E+5	2.238000000E-1	8.978000000E-1
1.601000000E+5	2.000000000E-1	8.978000000E-1
1.601500000E+5	1.906000000E-1	8.977000000E-1
1.602000000E+5	1.814000000E-1	8.978000000E-1
1.602500000E+5	2.329000000E-1	8.977000000E-1
1.603000000E+5	2.585000000E-1	8.978000000E-1
1.603500000E+5	2.746000000E-1	8.977000000E-1
1.604000000E+5	3.119000000E-1	8.978000000E-1
1.604500000E+5	4.576000000E-1	8.978000000E-1
1.605000000E+5	5.012000000E-1	8.978000000E-1
1.605500000E+5	3.812000000E-1	8.977000000E-1
1.606000000E+5	5.741000000E-1	8.978000000E-1
1.606500000E+5	4.697000000E-1	8.978000000E-1
1.607000000E+5	6.773000000E-1	8.978000000E-1
1.607500000E+5	6.056000000E-1	8.977000000E-1
1.608000000E+5	7.288000000E-1	8.979000000E-1
1.608500000E+5	6.929000000E-1	8.977000000E-1
1.609000000E+5	8.136000000E-1	8.978000000E-1
1.609500000E+5	7.545000000E-1	8.977000000E-1
1.610000000E+5	8.731000000E-1	8.979000000E-1
1.610500000E+5	9.413000000E-1	8.977000000E-1
1.611000000E+5	9.180000000E-1	8.979000000E-1
1.611500000E+5	9.692000000E-1	8.977000000E-1
1.612000000E+5	1.087200000E+0	8.979000000E-1
1.612500000E+5	1.190200000E+0	8.978000000E-1
1.613000000E+5	1.042700000E+0	8.978000000E-1
1.613500000E+5	1.099100000E+0	8.978000000E-1
1.614000000E+5	1.225100000E+0	8.977000000E-1
1.614500000E+5	1.092200000E+0	8.978000000E-1
1.615000000E+5	1.176700000E+0	8.978000000E-1
1.615500000E+5	1.171400000E+0	8.978000000E-1
1.616000000E+5	1.248700000E+0	8.977000000E-1
1.616500000E+5	1.365500000E+0	8.978000000E-1
1.617000000E+5	1.403300000E+0	8.978000000E-1
1.617500000E+5	1.205500000E+0	8.978000000E-1
1.618000000E+5	1.366800000E+0	8.978000000E-1
1.618500000E+5	1.297300000E+0	8.978000000E-1
1.619000000E+5	1.285800000E+0	8.977000000E-1
1.619500000E+5	1.301100000E+0	8.978000000E-1
1.620000000E+5	1.273000000E+0	8.977000000E-1
1.620500000E+5	1.309800000E+0	8.978000000E-1
1.621000000E+5	1.249300000E+0	8.977000000E-1
1.621500000E+5	1.273300000E+0	8.978000000E-1
1.622000000E+5	1.413400000E+0	8.977000000E-1
1.622500000E+5	1.293400000E+0	8.978000000E-1
1.623000000E+5	1.178200000E+0	8.977000000E-1
1.623500000E+5	1.319400000E+0	8.978000000E-1
1.624000000E+5	1.273800000E+0	8.978000000E-1
1.624500000E+5	1.255500000E+0	8.978000000E-1
1.625000000E+5	1.176100000E+0	8.978000000E-1
1.625500000E+5	1.333500000E+0	8.978000000E-1
1.626000000E+5	1.072800000E+0	8.978000000E-1
1.626500000E+5	1.301800000E+0	8.978000000E-1
1.627000000E+5	1.124300000E+0	8.977000000E-1
1.627500000E+5	1.318400000E+0	8.979000000E-1
1.628000000E+5	1.241500000E+0	8.977000000E-1
1.628500000E+5	1.276000000E+0	8.979000000E-1
1.629000000E+5	1.162000000E+0	8.977000000E-1
1.629500000E+5	1.314400000E+0	8.979000000E-1
1.630000000E+5	1.189500000E+0	8.977000000E-1
1.630500000E+5	1.143700000E+0	8.979000000E-1
1.631000000E+5	1.209400000E+0	8.977000000E-1
1.631500000E+5	1.271200000E+0	8.979000000E-1
1.632000000E+5	1.162000000E+0	8.977000000E-1
1.632500000E+5	1.212700000E+0	8.978000000E-1
1.633000000E+5	1.135900000E+0	8.977000000E-1
1.633500000E+5	1.111400000E+0	8.978000000E-1
1.634000000E+5	9.098000000E-1	8.978000000E-1
1.634500000E+5	1.000300000E+0	8.978000000E-1
1.635000000E+5	9.834000000E-1	8.978000000E-1
1.635500000E+5	8.068000000E-1	8.978000000E-1
1.636000000E+5	8.879000000E-1	8.979000000E-1
1.636500000E+5	6.703000000E-1	8.978000000E-1
1.637000000E+5	7.298000000E-1	8.978000000E-1
1.637500000E+5	7.099000000E-1	8.977000000E-1
1.638000000E+5	7.690000000E-1	8.978000000E-1
1.638500000E+5	5.385000000E-1	8.978000000E-1
1.639000000E+5	6.170000000E-1	8.978000000E-1
1.639500000E+5	4.950000000E-1	8.978000000E-1
1.640000000E+5	5.406000000E-1	8.978000000E-1
1.640500000E+5	3.653000000E-1	8.977000000E-1
1.641000000E+5	5.034000000E-1	8.979000000E-1
1.641500000E+5	3.327000000E-1	8.978000000E-1
1.642000000E+5	4.205000000E-1	8.978000000E-1
1.642500000E+5	2.199000000E-1	8.978000000E-1
1.643000000E+5	4.574000000E-1	8.979000000E-1
1.643500000E+5	2.425000000E-1	8.977000000E-1
1.644000000E+5	2.938000000E-1	8.978000000E-1
1.644500000E+5	1.867000000E-1	8.978000000E-1
1.645000000E+5	2.172000000E-1	8.978000000E-1
1.645500000E+5	2.417000000E-1	8.978000000E-1
1.646000000E+5	2.666000000E-1	8.978000000E-1
1.646500000E+5	2.111000000E-1	8.978000000E-1
1.647000000E+5	1.223400000E-1	8.978000000E-1
1.647500000E+5	1.933000000E-1	8.979000000E-1
1.648000000E+5	1.349100000E-1	8.977000000E-1
1.648500000E+5	1.689100000E-1	8.978000000E-1
1.649000000E+5	1.557700000E-1	8.978000000E-1
1.649500000E+5	1.889200000E-1	8.979000000E-1
1.650000000E+5	9.403000000E-2	8.977000000E-1
1.650500000E+5	2.172000000E-1	8.978000000E-1
1.651000000E+5	8.731000000E-2	8.978000000E-1
1.651500000E+5	1.753600000E-1	8.978000000E-1
1.652000000E+5	3.248000000E-2	8.978000000E-1
1.652500000E+5	1.982200000E-1	8.978000000E-1
1.653000000E+5	7.214000000E-2	8.978000000E-1
1.653500000E+5	2.164000000E-1	8.979000000E-1
1.654000000E+5	2.114000000E-1	8.978000000E-1
1.654500000E+5	1.418400000E-1	8.978000000E-1
1.655000000E+5	1.212000000E-1	8.978000000E-1
1.655500000E+5	1.744600000E-1	8.977000000E-1
1.656000000E+5	1.873700000E-1	8.978000000E-1
1.656500000E+5	2.030000000E-1	8.977000000E-1
1.657000000E+5	1.221600000E-1	8.978000000E-1
1.657500000E+5	1.644300000E-1	8.977000000E-1
1.658000000E+5	4.308000000E-2	8.978000000E-1
1.658500000E+5	1.192100000E-1	8.978000000E-1
1.659000000E+5	6.308000000E-2	8.978000000E-1
1.659500000E+5	2.160000000E-1	8.978000000E-1
1.660000000E+5	8.839000000E-2	8.978000000E-1
1.660500000E+5	9.191000000E-2	8.978000000E-1
1.661000000E+5	1.110500000E-1	8.977000000E-1
1.661500000E+5	3.248000000E-2	8.978000000E-1
1.662000000E+5	9.908000000E-2	8.978000000E-1
1.662500000E+5	1.078200000E-1	8.978000000E-1
1.663000000E+5	6.503000000E-2	8.978000000E-1
1.663500000E+5	6.996000000E-2	8.978000000E-1
1.664000000E+5	1.444800000E-1	8.978000000E-1
1.664500000E+5	4.513000000E-2	8.978000000E-1
1.665000000E+5	4.639000000E-2	8.977000000E-1
1.665500000E+5	4.283000000E-2	8.978000000E-1
1.666000000E+5	4.767000000E-2	8.977000000E-1
1.666500000E+5	5.240000000E-2	8.978000000E-1
1.667000000E+5	3.683000000E-2	8.977000000E-1
1.667500000E+5	5.395000000E-2	8.978000000E-1
1.668000000E+5	1.516800000E-1	8.977000000E-1
1.668500000E+5	-1.685000000E-2	8.978000000E-1
1.669000000E+5	3.573000000E-2	8.977000000E-1
1.669500000E+5	5.023000000E-2	8.978000000E-1
1.670000000E+5	7.308000000E-2	8.977000000E-1
1.670500000E+5	-1.810000000E-3	8.978000000E-1
1.671000000E+5	-6.700000000E-4	8.978000000E-1
1.671500000E+5	5.026000000E-2	8.978000000E-1
1.672000000E+5	1.528900000E-1	8.977000000E-1
1.672500000E+5	-5.470000000E-3	8.977000000E-1
1.673000000E+5	4.495000000E-2	8.979000000E-1
1.673500000E+5	1.944000000E-2	8.977000000E-1
1.674000000E+5	7.284000000E-2	8.978000000E-1
1.674500000E+5	1.541000000E-2	8.977000000E-1
