2.355000000E+5	1.072300000E-1	8.897000000E-1
2.356250000E+5	1.637600000E-1	8.898000000E-1
2.357500000E+5	-1.499000000E-1	8.897000000E-1
2.358750000E+5	-1.033700000E-1	8.898000000E-1
2.360000000E+5	-2.161000000E-2	8.897000000E-1
2.361250000E+5	2.226000000E-1	8.898000000E-1
2.362500000E+5	4.626000000E-2	8.896000000E-1
2.363750000E+5	6.553000000E-2	8.898000000E-1
2.365000000E+5	4.085000000E-1	8.897000000E-1
2.366250000E+5	8.418000000E-2	8.898000000E-1
2.367500000E+5	-1.910700000E-1	8.897000000E-1
2.368750000E+5	4.420000000E-2	8.898000000E-1
2.370000000E+5	3.952000000E-2	8.897000000E-1
2.371250000E+5	1.810000000E-1	8.898000000E-1
2.372500000E+5	3.980000000E-2	8.897000000E-1
2.373750000E+5	4.805000000E-2	8.898000000E-1
2.375000000E+5	9.632000000E-2	8.897000000E-1
2.376250000E+5	1.111100000E-1	8.898000000E-1
2.377500000E+5	2.334000000E-1	8.898000000E-1
2.378750000E+5	1.864000000E-1	8.898000000E-1
2.380000000E+5	2.319000000E-2	8.897000000E-1
2.381250000E+5	1.962100000E-1	8.898000000E-1
2.382500000E+5	-1.937900000E-1	8.897000000E-1
2.383750000E+5	-3.878000000E-2	8.898000000E-1
2.385000000E+5	3.022000000E-1	8.898000000E-1
2.386250000E+5	8.510000000E-3	8.896000000E-1
2.387500000E+5	1.887700000E-1	8.898000000E-1
2.388750000E+5	7.642000000E-2	8.896000000E-1
2.390000000E+5	1.678200000E-1	8.898000000E-1
2.391250000E+5	1.951100000E-1	8.898000000E-1
2.392500000E+5	1.912000000E-1	8.898000000E-1
2.393750000E+5	2.684000000E-2	8.896000000E-1
2.395000000E+5	1.122100000E-1	8.898000000E-1
2.396250000E+5	8.386000000E-2	8.897000000E-1
2.397500000E+5	1.511100000E-1	8.899000000E-1
2.398750000E+5	1.470800000E-1	8.898000000E-1
2.400000000E+5	4.208000000E-1	8.898000000E-1
2.401250000E+5	1.973000000E-1	8.897000000E-1
2.402500000E+5	4.199000000E-1	8.898000000E-1
2.403750000E+5	3.524000000E-1	8.898000000E-1
2.405000000E+5	3.796000000E-1	8.898000000E-1
2.406250000E+5	3.431000000E-1	8.898000000E-1
2.407500000E+5	4.972000000E-1	8.897000000E-1
2.408750000E+5	6.937000000E-1	8.898000000E-1
2.410000000E+5	7.626000000E-1	8.897000000E-1
2.411250000E+5	9.390000000E-1	8.898000000E-1
2.412500000E+5	1.072900000E+0	8.897000000E-1
2.413750000E+5	1.230700000E+0	8.898000000E-1
2.415000000E+5	1.169800000E+0	8.898000000E-1
2.416250000E+5	1.602900000E+0	8.897000000E-1
2.417500000E+5	2.000000000E+0	8.897000000E-1
2.418750000E+5	2.379000000E+0	8.897000000E-1
2.420000000E+5	2.448000000E+0	8.898000000E-1
2.421250000E+5	2.654000000E+0	8.897000000E-1
2.422500000E+5	2.784000000E+0	8.898000000E-1
2.423750000E+5	2.946000000E+0	8.897000000E-1
2.425000000E+5	2.820000000E+0	8.897000000E-1
2.426250000E+5	2.964000000E+0	8.897000000E-1
2.427500000E+5	3.019000000E+0	8.898000000E-1
2.428750000E+5	3.092000000E+0	8.898000000E-1
2.430000000E+5	2.974000000E+0	8.897000000E-1
2.431250000E+5	3.266000000E+0	8.898000000E-1
2.432500000E+5	3.163000000E+0	8.897000000E-1
2.433750000E+5	3.221000000E+0	8.898000000E-1
2.435000000E+5	2.887000000E+0	8.897000000E-1
2.436250000E+5	3.184000000E+0	8.898000000E-1
2.437500000E+5	2.914000000E+0	8.897000000E-1
2.438750000E+5	3.253000000E+0	8.898000000E-1
2.440000000E+5	2.904000000E+0	8.897000000E-1
2.441250000E+5	2.957000000E+0	8.898000000E-1
2.442500000E+5	2.858000000E+0	8.897000000E-1
2.443750000E+5	2.803000000E+0	8.898000000E-1
2.445000000E+5	2.805000000E+0	8.897000000E-1
2.446250000E+5	2.705000000E+0	8.897000000E-1
2.447500000E+5	2.755000000E+0	8.898000000E-1
2.448750000E+5	2.700000000E+0	8.897000000E-1
2.450000000E+5	2.777000000E+0	8.898000000E-1
2.451250000E+5	2.515000000E+0	8.896000000E-1
2.452500000E+5	2.695000000E+0	8.898000000E-1
2.453750000E+5	2.396000000E+0	8.896000000E-1
2.455000000E+5	2.110000000E+0	8.897000000E-1
2.456250000E+5	2.034000000E+0	8.896000000E-1
2.457500000E+5	1.633500000E+0	8.898000000E-1
2.458750000E+5	1.226200000E+0	8.896000000E-1
2.460000000E+5	1.100100000E+0	8.898000000E-1
2.461250000E+5	9.000000000E-1	8.897000000E-1
2.462500000E+5	1.047400000E+0	8.898000000E-1
2.463750000E+5	6.097000000E-1	8.897000000E-1
2.465000000E+5	5.741000000E-1	8.898000000E-1
2.466250000E+5	3.282000000E-1	8.897000000E-1
2.467500000E+5	3.291000000E-1	8.898000000E-1
2.468750000E+5	3.681000000E-1	8.897000000E-1
2.470000000E+5	3.334000000E-1	8.898000000E-1
2.471250000E+5	3.504000000E-1	8.897000000E-1
2.472500000E+5	2.427000000E-1	8.898000000E-1
2.473750000E+5	3.021000000E-1	8.899000000E-1
2.475000000E+5	3.765000000E-2	8.898000000E-1
2.476250000E+5	1.431100000E-1	8.897000000E-1
2.477500000E+5	1.619300000E-1	8.897000000E-1
2.478750000E+5	1.080300000E-1	8.898000000E-1
2.480000000E+5	1.617000000E-2	8.896000000E-1
2.481250000E+5	-5.232000000E-2	8.899000000E-1
2.482500000E+5	-3.000000000E-4	8.897000000E-1
2.483750000E+5	1.621800000E-1	8.898000000E-1
2.485000000E+5	1.381700000E-1	8.897000000E-1
2.486250000E+5	1.007200000E-1	8.898000000E-1
2.487500000E+5	-6.706000000E-2	8.897000000E-1
2.488750000E+5	1.571400000E-1	8.898000000E-1
2.490000000E+5	5.118000000E-2	8.897000000E-1
2.491250000E+5	-9.726000000E-2	8.897000000E-1
2.492500000E+5	1.325900000E-1	8.898000000E-1
2.493750000E+5	4.320000000E-3	8.897000000E-1
2.495000000E+5	4.449000000E-2	8.898000000E-1
2.496250000E+5	1.071700000E-1	8.897000000E-1
2.497500000E+5	6.026000000E-2	8.898000000E-1
2.498750000E+5	1.710000000E-2	8.897000000E-1
2.500000000E+5	1.689800000E-1	8.898000000E-1
2.501250000E+5	4.327000000E-1	8.898000000E-1
2.502500000E+5	-3.519000000E-2	8.896000000E-1
2.503750000E+5	1.531700000E-1	8.898000000E-1
