2.255000000E+5	1.217700000E+0	8.897000000E-1
2.257000000E+5	1.517000000E+0	8.898000000E-1
2.259000000E+5	1.226000000E+0	8.897000000E-1
2.261000000E+5	1.389300000E+0	8.898000000E-1
2.263000000E+5	1.437700000E+0	8.898000000E-1
2.265000000E+5	1.439400000E+0	8.898000000E-1
2.267000000E+5	1.443800000E+0	8.898000000E-1
2.269000000E+5	1.459600000E+0	8.897000000E-1
2.271000000E+5	1.440100000E+0	8.898000000E-1
2.273000000E+5	1.676700000E+0	8.897000000E-1
2.275000000E+5	1.501000000E+0	8.898000000E-1
2.277000000E+5	1.580300000E+0	8.897000000E-1
2.279000000E+5	1.522300000E+0	8.898000000E-1
2.281000000E+5	1.463100000E+0	8.897000000E-1
2.283000000E+5	1.616700000E+0	8.898000000E-1
2.285000000E+5	1.480000000E+0	8.897000000E-1
2.287000000E+5	1.533500000E+0	8.898000000E-1
2.289000000E+5	1.531300000E+0	8.897000000E-1
2.291000000E+5	1.596600000E+0	8.898000000E-1
2.293000000E+5	1.589500000E+0	8.897000000E-1
2.295000000E+5	1.703300000E+0	8.898000000E-1
2.297000000E+5	1.625800000E+0	8.897000000E-1
2.299000000E+5	1.671800000E+0	8.898000000E-1
2.301000000E+5	1.637700000E+0	8.897000000E-1
2.303000000E+5	1.776800000E+0	8.898000000E-1
2.305000000E+5	1.826900000E+0	8.897000000E-1
2.307000000E+5	1.766100000E+0	8.898000000E-1
2.309000000E+5	1.790100000E+0	8.897000000E-1
2.311000000E+5	1.916900000E+0	8.898000000E-1
2.313000000E+5	1.872600000E+0	8.897000000E-1
2.315000000E+5	1.924600000E+0	8.898000000E-1
2.317000000E+5	1.943800000E+0	8.897000000E-1
2.319000000E+5	1.940000000E+0	8.898000000E-1
2.321000000E+5	2.174000000E+0	8.898000000E-1
2.323000000E+5	2.116000000E+0	8.897000000E-1
2.325000000E+5	2.103000000E+0	8.898000000E-1
2.327000000E+5	2.155000000E+0	8.897000000E-1
2.329000000E+5	2.243000000E+0	8.898000000E-1
2.331000000E+5	2.183000000E+0	8.897000000E-1
2.333000000E+5	2.407000000E+0	8.899000000E-1
2.335000000E+5	2.425000000E+0	8.897000000E-1
2.337000000E+5	2.468000000E+0	8.899000000E-1
2.339000000E+5	2.475000000E+0	8.897000000E-1
2.341000000E+5	2.516000000E+0	8.899000000E-1
2.343000000E+5	2.647000000E+0	8.898000000E-1
2.345000000E+5	2.731000000E+0	8.897000000E-1
2.347000000E+5	2.785000000E+0	8.898000000E-1
2.349000000E+5	2.819000000E+0	8.897000000E-1
2.351000000E+5	2.745000000E+0	8.898000000E-1
2.353000000E+5	2.954000000E+0	8.897000000E-1
2.355000000E+5	2.942000000E+0	8.898000000E-1
2.357000000E+5	2.941000000E+0	8.898000000E-1
2.359000000E+5	2.998000000E+0	8.898000000E-1
2.361000000E+5	3.168000000E+0	8.897000000E-1
2.363000000E+5	3.278000000E+0	8.898000000E-1
2.365000000E+5	3.324000000E+0	8.897000000E-1
2.367000000E+5	3.306000000E+0	8.898000000E-1
2.369000000E+5	3.463000000E+0	8.897000000E-1
2.371000000E+5	3.587000000E+0	8.898000000E-1
2.373000000E+5	3.692000000E+0	8.898000000E-1
2.375000000E+5	3.671000000E+0	8.898000000E-1
2.377000000E+5	3.817000000E+0	8.897000000E-1
2.379000000E+5	3.972000000E+0	8.897000000E-1
2.381000000E+5	4.193000000E+0	8.898000000E-1
2.383000000E+5	4.278000000E+0	8.898000000E-1
2.385000000E+5	4.306000000E+0	8.897000000E-1
2.387000000E+5	4.449000000E+0	8.898000000E-1
2.389000000E+5	4.531000000E+0	8.897000000E-1
2.391000000E+5	4.643000000E+0	8.898000000E-1
2.393000000E+5	4.779000000E+0	8.898000000E-1
2.395000000E+5	4.844000000E+0	8.898000000E-1
2.397000000E+5	4.729000000E+0	8.898000000E-1
2.399000000E+5	5.102000000E+0	8.898000000E-1
2.401000000E+5	5.079000000E+0	8.897000000E-1
2.403000000E+5	5.303000000E+0	8.898000000E-1
2.405000000E+5	5.309000000E+0	8.898000000E-1
2.407000000E+5	5.475000000E+0	8.899000000E-1
2.409000000E+5	5.624000000E+0	8.897000000E-1
2.411000000E+5	5.676000000E+0	8.898000000E-1
2.413000000E+5	5.709000000E+0	8.897000000E-1
2.415000000E+5	5.985000000E+0	8.897000000E-1
2.417000000E+5	6.036000000E+0	8.898000000E-1
2.419000000E+5	6.204000000E+0	8.897000000E-1
2.421000000E+5	6.227000000E+0	8.898000000E-1
2.423000000E+5	6.221000000E+0	8.897000000E-1
2.425000000E+5	6.302000000E+0	8.898000000E-1
2.427000000E+5	6.322000000E+0	8.897000000E-1
2.429000000E+5	6.552000000E+0	8.899000000E-1
2.431000000E+5	6.468000000E+0	8.896000000E-1
2.433000000E+5	6.523000000E+0	8.898000000E-1
2.435000000E+5	6.687000000E+0	8.898000000E-1
2.437000000E+5	6.561000000E+0	8.898000000E-1
2.439000000E+5	6.726000000E+0	8.898000000E-1
2.441000000E+5	6.781000000E+0	8.897000000E-1
2.443000000E+5	6.855000000E+0	8.898000000E-1
2.445000000E+5	6.578000000E+0	8.897000000E-1
2.447000000E+5	6.734000000E+0	8.899000000E-1
2.449000000E+5	6.614000000E+0	8.896000000E-1
2.451000000E+5	6.610000000E+0	8.899000000E-1
2.453000000E+5	6.607000000E+0	8.897000000E-1
2.455000000E+5	6.673000000E+0	8.899000000E-1
2.457000000E+5	6.305000000E+0	8.898000000E-1
2.459000000E+5	6.489000000E+0	8.898000000E-1
2.461000000E+5	6.540000000E+0	8.898000000E-1
2.463000000E+5	6.418000000E+0	8.897000000E-1
2.465000000E+5	6.387000000E+0	8.898000000E-1
2.467000000E+5	5.929000000E+0	8.897000000E-1
2.469000000E+5	6.028000000E+0	8.899000000E-1
2.471000000E+5	5.997000000E+0	8.897000000E-1
2.473000000E+5	5.818000000E+0	8.898000000E-1
2.475000000E+5	5.762000000E+0	8.898000000E-1
2.477000000E+5	5.656000000E+0	8.897000000E-1
2.479000000E+5	5.506000000E+0	8.898000000E-1
2.481000000E+5	5.201000000E+0	8.897000000E-1
2.483000000E+5	5.217000000E+0	8.898000000E-1
2.485000000E+5	5.020000000E+0	8.897000000E-1
2.487000000E+5	4.957000000E+0	8.898000000E-1
2.489000000E+5	4.725000000E+0	8.898000000E-1
2.491000000E+5	4.715000000E+0	8.898000000E-1
2.493000000E+5	4.492000000E+0	8.898000000E-1
2.495000000E+5	4.510000000E+0	8.898000000E-1
2.497000000E+5	4.266000000E+0	8.897000000E-1
2.499000000E+5	4.425000000E+0	8.899000000E-1
2.501000000E+5	3.975000000E+0	8.897000000E-1
2.503000000E+5	4.140000000E+0	8.899000000E-1
2.505000000E+5	3.826000000E+0	8.897000000E-1
2.507000000E+5	3.811000000E+0	8.898000000E-1
2.509000000E+5	3.700000000E+0	8.898000000E-1
2.511000000E+5	3.701000000E+0	8.898000000E-1
2.513000000E+5	3.531000000E+0	8.898000000E-1
2.515000000E+5	3.291000000E+0	8.898000000E-1
2.517000000E+5	3.452000000E+0	8.898000000E-1
2.519000000E+5	3.206000000E+0	8.898000000E-1
2.521000000E+5	3.151000000E+0	8.898000000E-1
2.523000000E+5	2.946000000E+0	8.897000000E-1
2.525000000E+5	3.124000000E+0	8.899000000E-1
2.527000000E+5	2.689000000E+0	8.896000000E-1
2.529000000E+5	2.948000000E+0	8.899000000E-1
2.531000000E+5	2.725000000E+0	8.898000000E-1
2.533000000E+5	2.724000000E+0	8.897000000E-1
2.535000000E+5	2.769000000E+0	8.898000000E-1
2.537000000E+5	2.533000000E+0	8.898000000E-1
2.539000000E+5	2.594000000E+0	8.899000000E-1
2.541000000E+5	2.442000000E+0	8.897000000E-1
2.543000000E+5	2.499000000E+0	8.899000000E-1
2.545000000E+5	2.299000000E+0	8.897000000E-1
2.547000000E+5	2.313000000E+0	8.899000000E-1
2.549000000E+5	2.229000000E+0	8.898000000E-1
2.551000000E+5	2.215000000E+0	8.898000000E-1
2.553000000E+5	2.246000000E+0	8.899000000E-1
2.555000000E+5	2.145000000E+0	8.898000000E-1
2.557000000E+5	2.178000000E+0	8.898000000E-1
2.559000000E+5	2.030000000E+0	8.897000000E-1
2.561000000E+5	2.011000000E+0	8.898000000E-1
2.563000000E+5	1.842000000E+0	8.898000000E-1
2.565000000E+5	1.720100000E+0	8.897000000E-1
2.567000000E+5	1.884600000E+0	8.898000000E-1
2.569000000E+5	1.703600000E+0	8.897000000E-1
2.571000000E+5	1.707100000E+0	8.898000000E-1
2.573000000E+5	1.721600000E+0	8.897000000E-1
2.575000000E+5	1.780900000E+0	8.898000000E-1
2.577000000E+5	1.661100000E+0	8.898000000E-1
2.579000000E+5	1.691600000E+0	8.898000000E-1
2.581000000E+5	1.559800000E+0	8.897000000E-1
2.583000000E+5	1.572800000E+0	8.898000000E-1
2.585000000E+5	1.513100000E+0	8.898000000E-1
2.587000000E+5	1.649000000E+0	8.898000000E-1
2.589000000E+5	1.548100000E+0	8.898000000E-1
2.591000000E+5	1.451000000E+0	8.897000000E-1
2.593000000E+5	1.492000000E+0	8.898000000E-1
2.595000000E+5	1.214600000E+0	8.898000000E-1
2.597000000E+5	1.517700000E+0	8.899000000E-1
2.599000000E+5	1.261200000E+0	8.897000000E-1
2.601000000E+5	1.482600000E+0	8.899000000E-1
2.603000000E+5	1.244000000E+0	8.897000000E-1
2.605000000E+5	1.355500000E+0	8.898000000E-1
