1.300000000E+5	2.556000000E+0	8.823000000E-1
1.305000000E+5	2.607000000E+0	8.823000000E-1
1.310000000E+5	2.668000000E+0	8.823000000E-1
1.315000000E+5	2.658000000E+0	8.822000000E-1
1.320000000E+5	2.739000000E+0	8.824000000E-1
1.325000000E+5	2.799000000E+0	8.821000000E-1
1.330000000E+5	2.858000000E+0	8.824000000E-1
1.335000000E+5	2.913000000E+0	8.822000000E-1
1.340000000E+5	2.942000000E+0	8.824000000E-1
1.345000000E+5	3.020000000E+0	8.822000000E-1
1.350000000E+5	3.012000000E+0	8.824000000E-1
1.355000000E+5	3.119000000E+0	8.822000000E-1
1.360000000E+5	3.185000000E+0	8.823000000E-1
1.365000000E+5	3.292000000E+0	8.823000000E-1
1.370000000E+5	3.376000000E+0	8.822000000E-1
1.375000000E+5	3.394000000E+0	8.823000000E-1
1.380000000E+5	3.483000000E+0	8.823000000E-1
1.385000000E+5	3.609000000E+0	8.823000000E-1
1.390000000E+5	3.675000000E+0	8.822000000E-1
1.395000000E+5	3.808000000E+0	8.822000000E-1
1.400000000E+5	3.897000000E+0	8.823000000E-1
1.405000000E+5	4.020000000E+0	8.822000000E-1
1.410000000E+5	4.129000000E+0	8.823000000E-1
1.415000000E+5	4.286000000E+0	8.823000000E-1
1.420000000E+5	4.386000000E+0	8.822000000E-1
1.425000000E+5	4.529000000E+0	8.823000000E-1
1.430000000E+5	4.668000000E+0	8.821000000E-1
1.435000000E+5	4.814000000E+0	8.823000000E-1
1.440000000E+5	4.978000000E+0	8.823000000E-1
1.445000000E+5	5.114000000E+0	8.822000000E-1
1.450000000E+5	5.260000000E+0	8.823000000E-1
1.455000000E+5	5.399000000E+0	8.822000000E-1
1.460000000E+5	5.599000000E+0	8.822000000E-1
1.465000000E+5	5.732000000E+0	8.822000000E-1
1.470000000E+5	5.899000000E+0	8.822000000E-1
1.475000000E+5	6.074000000E+0	8.823000000E-1
1.480000000E+5	6.239000000E+0	8.822000000E-1
1.485000000E+5	6.419000000E+0	8.822000000E-1
1.490000000E+5	6.597000000E+0	8.823000000E-1
1.495000000E+5	6.772000000E+0	8.823000000E-1
1.500000000E+5	6.958000000E+0	8.824000000E-1
1.505000000E+5	7.139000000E+0	8.823000000E-1
1.510000000E+5	7.312000000E+0	8.822000000E-1
1.515000000E+5	7.470000000E+0	8.823000000E-1
1.520000000E+5	7.676000000E+0	8.821000000E-1
1.525000000E+5	7.846000000E+0	8.824000000E-1
1.530000000E+5	8.028000000E+0	8.822000000E-1
1.535000000E+5	8.219000000E+0	8.822000000E-1
1.540000000E+5	8.373000000E+0	8.823000000E-1
1.545000000E+5	8.515000000E+0	8.822000000E-1
1.550000000E+5	8.651000000E+0	8.823000000E-1
1.555000000E+5	8.861000000E+0	8.821000000E-1
1.560000000E+5	8.938000000E+0	8.822000000E-1
1.565000000E+5	9.045000000E+0	8.823000000E-1
1.570000000E+5	9.282000000E+0	8.822000000E-1
1.575000000E+5	9.411000000E+0	8.823000000E-1
1.580000000E+5	9.526000000E+0	8.822000000E-1
1.585000000E+5	9.608000000E+0	8.824000000E-1
1.590000000E+5	9.649000000E+0	8.821000000E-1
1.595000000E+5	9.703000000E+0	8.824000000E-1
1.600000000E+5	9.824000000E+0	8.821000000E-1
1.605000000E+5	9.841000000E+0	8.823000000E-1
1.610000000E+5	9.856000000E+0	8.822000000E-1
1.615000000E+5	9.875000000E+0	8.822000000E-1
1.620000000E+5	9.892000000E+0	8.823000000E-1
1.625000000E+5	9.853000000E+0	8.823000000E-1
1.630000000E+5	9.815000000E+0	8.822000000E-1
1.635000000E+5	9.748000000E+0	8.824000000E-1
1.640000000E+5	9.695000000E+0	8.822000000E-1
1.645000000E+5	9.567000000E+0	8.824000000E-1
1.650000000E+5	9.465000000E+0	8.822000000E-1
1.655000000E+5	9.355000000E+0	8.823000000E-1
1.660000000E+5	9.164000000E+0	8.821000000E-1
1.665000000E+5	8.978000000E+0	8.824000000E-1
1.670000000E+5	8.833000000E+0	8.822000000E-1
1.675000000E+5	8.756000000E+0	8.823000000E-1
1.680000000E+5	8.581000000E+0	8.822000000E-1
1.685000000E+5	8.399000000E+0	8.823000000E-1
1.690000000E+5	8.228000000E+0	8.822000000E-1
1.695000000E+5	8.069000000E+0	8.823000000E-1
1.700000000E+5	7.896000000E+0	8.822000000E-1
1.705000000E+5	7.722000000E+0	8.823000000E-1
1.710000000E+5	7.536000000E+0	8.822000000E-1
1.715000000E+5	7.365000000E+0	8.823000000E-1
1.720000000E+5	7.213000000E+0	8.822000000E-1
1.725000000E+5	7.047000000E+0	8.823000000E-1
1.730000000E+5	6.879000000E+0	8.822000000E-1
1.735000000E+5	6.715000000E+0	8.823000000E-1
1.740000000E+5	6.561000000E+0	8.821000000E-1
1.745000000E+5	6.396000000E+0	8.823000000E-1
1.750000000E+5	6.243000000E+0	8.822000000E-1
1.755000000E+5	6.095000000E+0	8.822000000E-1
1.760000000E+5	5.951000000E+0	8.823000000E-1
1.765000000E+5	5.809000000E+0	8.822000000E-1
1.770000000E+5	5.675000000E+0	8.822000000E-1
1.775000000E+5	5.539000000E+0	8.822000000E-1
1.780000000E+5	5.404000000E+0	8.822000000E-1
1.785000000E+5	5.272000000E+0	8.822000000E-1
1.790000000E+5	5.151000000E+0	8.822000000E-1
1.795000000E+5	5.023000000E+0	8.822000000E-1
1.800000000E+5	4.898000000E+0	8.822000000E-1
1.805000000E+5	4.789000000E+0	8.821000000E-1
1.810000000E+5	4.672000000E+0	8.823000000E-1
1.815000000E+5	4.562000000E+0	8.821000000E-1
1.820000000E+5	4.455000000E+0	8.822000000E-1
1.825000000E+5	4.358000000E+0	8.823000000E-1
1.830000000E+5	4.252000000E+0	8.821000000E-1
1.835000000E+5	4.152000000E+0	8.822000000E-1
1.840000000E+5	4.059000000E+0	8.821000000E-1
1.845000000E+5	3.966000000E+0	8.822000000E-1
1.850000000E+5	3.879000000E+0	8.821000000E-1
1.855000000E+5	3.789000000E+0	8.823000000E-1
1.860000000E+5	3.703000000E+0	8.821000000E-1
1.865000000E+5	3.625000000E+0	8.823000000E-1
1.870000000E+5	3.539000000E+0	8.822000000E-1
1.875000000E+5	3.463000000E+0	8.821000000E-1
1.880000000E+5	3.387000000E+0	8.822000000E-1
1.885000000E+5	3.309000000E+0	8.822000000E-1
1.890000000E+5	3.238000000E+0	8.822000000E-1
1.895000000E+5	3.169000000E+0	8.821000000E-1
1.900000000E+5	3.106000000E+0	8.822000000E-1
1.905000000E+5	3.040000000E+0	8.821000000E-1
1.910000000E+5	2.975000000E+0	8.821000000E-1
1.915000000E+5	2.917000000E+0	8.822000000E-1
1.920000000E+5	2.854000000E+0	8.822000000E-1
1.925000000E+5	2.798000000E+0	8.822000000E-1
1.930000000E+5	2.741000000E+0	8.822000000E-1
1.935000000E+5	2.679000000E+0	8.821000000E-1
1.940000000E+5	2.629000000E+0	8.822000000E-1
1.945000000E+5	2.581000000E+0	8.822000000E-1
1.950000000E+5	2.533000000E+0	8.822000000E-1
1.955000000E+5	2.481000000E+0	8.822000000E-1
1.960000000E+5	2.437000000E+0	8.822000000E-1
1.965000000E+5	2.383000000E+0	8.822000000E-1
1.970000000E+5	2.345000000E+0	8.822000000E-1
1.975000000E+5	2.297000000E+0	8.822000000E-1
1.980000000E+5	2.260000000E+0	8.822000000E-1
1.985000000E+5	2.212000000E+0	8.821000000E-1
1.990000000E+5	2.175000000E+0	8.822000000E-1
1.995000000E+5	2.144000000E+0	8.821000000E-1
2.000000000E+5	2.105000000E+0	8.822000000E-1
2.005000000E+5	2.067000000E+0	8.822000000E-1
2.010000000E+5	2.031000000E+0	8.821000000E-1
2.015000000E+5	2.005000000E+0	8.822000000E-1
2.020000000E+5	1.968000000E+0	8.821000000E-1
2.025000000E+5	1.936000000E+0	8.822000000E-1
2.030000000E+5	1.904000000E+0	8.821000000E-1
2.035000000E+5	1.874000000E+0	8.822000000E-1
2.040000000E+5	1.843000000E+0	8.822000000E-1
2.045000000E+5	1.817000000E+0	8.823000000E-1
2.050000000E+5	1.790900000E+0	8.821000000E-1
2.055000000E+5	1.757700000E+0	8.823000000E-1
2.060000000E+5	1.729900000E+0	8.821000000E-1
2.065000000E+5	1.707700000E+0	8.823000000E-1
2.070000000E+5	1.677300000E+0	8.820000000E-1
2.075000000E+5	1.651800000E+0	8.823000000E-1
2.080000000E+5	1.621200000E+0	8.821000000E-1
2.085000000E+5	1.598600000E+0	8.823000000E-1
2.090000000E+5	1.583800000E+0	8.821000000E-1
2.095000000E+5	1.562800000E+0	8.823000000E-1
2.100000000E+5	1.531600000E+0	8.821000000E-1
